# x	y	u	v	flags	mask
2.5901e-01	2.2586e+00	3.4593e+00	4.2620e-01	0.0000e+00	0.0000e+00
5.4911e-01	2.2586e+00	3.3381e+00	1.8435e-01	0.0000e+00	0.0000e+00
8.3920e-01	2.2586e+00	3.5362e+00	1.0590e-01	0.0000e+00	0.0000e+00
1.1293e+00	2.2586e+00	3.5792e+00	1.9039e-02	0.0000e+00	0.0000e+00
1.4194e+00	2.2586e+00	3.5827e+00	-9.2534e-02	0.0000e+00	0.0000e+00
1.7095e+00	2.2586e+00	3.6463e+00	-5.0626e-01	0.0000e+00	0.0000e+00
1.9996e+00	2.2586e+00	3.4097e+00	-5.1451e-01	0.0000e+00	0.0000e+00
2.2897e+00	2.2586e+00	3.1926e+00	-5.1387e-01	0.0000e+00	0.0000e+00
2.5798e+00	2.2586e+00	3.0393e+00	-5.4671e-01	0.0000e+00	0.0000e+00
2.8699e+00	2.2586e+00	2.9006e+00	-3.8954e-01	0.0000e+00	0.0000e+00
3.1600e+00	2.2586e+00	2.7004e+00	-3.3821e-01	0.0000e+00	0.0000e+00
3.4501e+00	2.2586e+00	2.5845e+00	-7.6678e-02	0.0000e+00	0.0000e+00
3.7402e+00	2.2586e+00	2.4363e+00	7.9090e-02	0.0000e+00	0.0000e+00
4.0303e+00	2.2586e+00	2.5187e+00	3.7251e-01	0.0000e+00	0.0000e+00
4.3203e+00	2.2586e+00	2.6228e+00	6.2642e-01	0.0000e+00	0.0000e+00
4.6104e+00	2.2586e+00	2.8868e+00	7.3893e-01	0.0000e+00	0.0000e+00
4.9005e+00	2.2586e+00	3.2509e+00	5.8175e-01	0.0000e+00	0.0000e+00
5.1906e+00	2.2586e+00	3.3083e+00	1.3705e-01	0.0000e+00	0.0000e+00
5.4807e+00	2.2586e+00	3.4552e+00	-1.0939e-01	0.0000e+00	0.0000e+00
5.7708e+00	2.2586e+00	3.4623e+00	-5.0788e-01	0.0000e+00	0.0000e+00
6.0609e+00	2.2586e+00	3.1513e+00	-5.2894e-01	0.0000e+00	0.0000e+00
6.3510e+00	2.2586e+00	3.0087e+00	-5.4741e-01	0.0000e+00	0.0000e+00
6.6411e+00	2.2586e+00	2.9775e+00	-2.5337e-01	0.0000e+00	0.0000e+00
6.9312e+00	2.2586e+00	2.6774e+00	-2.8013e-01	0.0000e+00	0.0000e+00
7.2213e+00	2.2586e+00	2.6857e+00	-3.7848e-02	0.0000e+00	0.0000e+00
7.5114e+00	2.2586e+00	2.6273e+00	6.2182e-02	0.0000e+00	0.0000e+00
7.8015e+00	2.2586e+00	2.4640e+00	2.3002e-01	0.0000e+00	0.0000e+00
8.0916e+00	2.2586e+00	2.5965e+00	3.1762e-01	0.0000e+00	0.0000e+00
8.3817e+00	2.2586e+00	2.5615e+00	2.1813e-01	0.0000e+00	0.0000e+00
8.6718e+00	2.2586e+00	2.6726e+00	3.5506e-01	0.0000e+00	0.0000e+00
8.9619e+00	2.2586e+00	2.8233e+00	9.8044e-02	0.0000e+00	0.0000e+00
9.2520e+00	2.2586e+00	2.9383e+00	1.0318e-01	0.0000e+00	0.0000e+00
9.5421e+00	2.2586e+00	3.0073e+00	-1.8252e-01	0.0000e+00	0.0000e+00
9.8322e+00	2.2586e+00	2.9185e+00	-3.9349e-01	0.0000e+00	0.0000e+00
1.0122e+01	2.2586e+00	2.8071e+00	-3.0441e-01	0.0000e+00	0.0000e+00
1.0412e+01	2.2586e+00	2.8948e+00	-2.4192e-01	0.0000e+00	0.0000e+00
1.0702e+01	2.2586e+00	3.0239e+00	-1.9473e-01	0.0000e+00	0.0000e+00
1.0993e+01	2.2586e+00	2.9421e+00	-7.0089e-02	0.0000e+00	0.0000e+00
1.1283e+01	2.2586e+00	2.8060e+00	-5.2116e-02	0.0000e+00	0.0000e+00
1.1573e+01	2.2586e+00	2.9557e+00	-8.1533e-02	0.0000e+00	0.0000e+00
1.1863e+01	2.2586e+00	2.8774e+00	1.0240e-01	0.0000e+00	0.0000e+00
1.2153e+01	2.2586e+00	2.7702e+00	1.5023e-01	0.0000e+00	0.0000e+00
2.5901e-01	1.9685e+00	3.6144e+00	5.9663e-01	0.0000e+00	0.0000e+00
5.4911e-01	1.9685e+00	3.5396e+00	3.0235e-01	0.0000e+00	0.0000e+00
8.3920e-01	1.9685e+00	3.5683e+00	1.8359e-01	0.0000e+00	0.0000e+00
1.1293e+00	1.9685e+00	3.7501e+00	9.4361e-02	0.0000e+00	0.0000e+00
1.4194e+00	1.9685e+00	3.6050e+00	-2.2274e-02	0.0000e+00	0.0000e+00
1.7095e+00	1.9685e+00	3.6131e+00	-2.3319e-01	0.0000e+00	0.0000e+00
1.9996e+00	1.9685e+00	3.5785e+00	-6.6586e-01	0.0000e+00	0.0000e+00
2.2897e+00	1.9685e+00	3.1090e+00	-7.1936e-01	0.0000e+00	0.0000e+00
2.5798e+00	1.9685e+00	3.0189e+00	-6.3675e-01	0.0000e+00	0.0000e+00
2.8699e+00	1.9685e+00	2.8215e+00	-7.3334e-01	0.0000e+00	0.0000e+00
3.1600e+00	1.9685e+00	2.4305e+00	-5.4686e-01	0.0000e+00	0.0000e+00
3.4501e+00	1.9685e+00	2.2278e+00	-3.7082e-01	0.0000e+00	0.0000e+00
3.7402e+00	1.9685e+00	2.1428e+00	-3.9089e-02	0.0000e+00	0.0000e+00
4.0303e+00	1.9685e+00	2.3982e+00	6.9124e-01	0.0000e+00	0.0000e+00
4.3203e+00	1.9685e+00	2.5947e+00	9.4186e-01	0.0000e+00	0.0000e+00
4.6104e+00	1.9685e+00	2.8066e+00	1.1204e+00	0.0000e+00	0.0000e+00
4.9005e+00	1.9685e+00	3.0655e+00	8.8641e-01	0.0000e+00	0.0000e+00
5.1906e+00	1.9685e+00	3.1781e+00	4.0594e-01	0.0000e+00	0.0000e+00
5.4807e+00	1.9685e+00	3.2845e+00	-8.7022e-02	0.0000e+00	0.0000e+00
5.7708e+00	1.9685e+00	3.2201e+00	-6.9472e-01	0.0000e+00	0.0000e+00
6.0609e+00	1.9685e+00	3.0616e+00	-7.9980e-01	0.0000e+00	0.0000e+00
6.3510e+00	1.9685e+00	2.8649e+00	-6.2646e-01	0.0000e+00	0.0000e+00
6.6411e+00	1.9685e+00	2.5209e+00	-5.1980e-01	1.0000e+00	0.0000e+00
6.9312e+00	1.9685e+00	2.5505e+00	-3.0031e-01	0.0000e+00	0.0000e+00
7.2213e+00	1.9685e+00	2.2929e+00	-2.0065e-01	0.0000e+00	0.0000e+00
7.5114e+00	1.9685e+00	2.3323e+00	-2.3994e-02	0.0000e+00	0.0000e+00
7.8015e+00	1.9685e+00	2.1365e+00	2.3594e-01	0.0000e+00	0.0000e+00
8.0916e+00	1.9685e+00	2.2720e+00	2.7651e-01	0.0000e+00	0.0000e+00
8.3817e+00	1.9685e+00	2.4377e+00	4.6644e-01	0.0000e+00	0.0000e+00
8.6718e+00	1.9685e+00	2.4844e+00	3.8091e-01	0.0000e+00	0.0000e+00
8.9619e+00	1.9685e+00	2.5425e+00	3.3449e-01	0.0000e+00	0.0000e+00
9.2520e+00	1.9685e+00	2.6183e+00	1.2046e-02	0.0000e+00	0.0000e+00
9.5421e+00	1.9685e+00	2.4610e+00	-4.4349e-03	0.0000e+00	0.0000e+00
9.8322e+00	1.9685e+00	2.6042e+00	-2.2258e-01	0.0000e+00	0.0000e+00
1.0122e+01	1.9685e+00	2.8035e+00	-2.4057e-01	0.0000e+00	0.0000e+00
1.0412e+01	1.9685e+00	2.7302e+00	-2.5165e-01	0.0000e+00	0.0000e+00
1.0702e+01	1.9685e+00	2.8183e+00	-2.1675e-01	0.0000e+00	0.0000e+00
1.0993e+01	1.9685e+00	2.5876e+00	-1.6118e-01	0.0000e+00	0.0000e+00
1.1283e+01	1.9685e+00	2.6810e+00	-2.2561e-02	0.0000e+00	0.0000e+00
1.1573e+01	1.9685e+00	2.6223e+00	-2.1954e-03	0.0000e+00	0.0000e+00
1.1863e+01	1.9685e+00	2.6424e+00	6.6953e-02	0.0000e+00	0.0000e+00
1.2153e+01	1.9685e+00	2.6231e+00	2.1361e-03	0.0000e+00	0.0000e+00
2.5901e-01	1.6784e+00	3.4886e+00	7.3834e-01	0.0000e+00	0.0000e+00
5.4911e-01	1.6784e+00	2.9477e+00	3.3015e-01	0.0000e+00	0.0000e+00
8.3920e-01	1.6784e+00	2.1163e+00	6.4222e-03	0.0000e+00	0.0000e+00
1.1293e+00	1.6784e+00	2.3037e+00	1.6400e-01	1.0000e+00	0.0000e+00
1.4194e+00	1.6784e+00	2.5748e+00	2.9255e-01	0.0000e+00	0.0000e+00
1.7095e+00	1.6784e+00	3.1864e+00	-2.4455e-01	0.0000e+00	0.0000e+00
1.9996e+00	1.6784e+00	3.2751e+00	-8.8183e-01	0.0000e+00	0.0000e+00
2.2897e+00	1.6784e+00	3.1202e+00	-1.1090e+00	0.0000e+00	0.0000e+00
2.5798e+00	1.6784e+00	2.8521e+00	-1.0525e+00	0.0000e+00	0.0000e+00
2.8699e+00	1.6784e+00	2.6533e+00	-8.5868e-01	0.0000e+00	0.0000e+00
3.1600e+00	1.6784e+00	2.1850e+00	-5.1622e-01	0.0000e+00	0.0000e+00
3.4501e+00	1.6784e+00	2.1095e+00	-3.4747e-01	0.0000e+00	0.0000e+00
3.7402e+00	1.6784e+00	2.0133e+00	1.9900e-01	0.0000e+00	0.0000e+00
4.0303e+00	1.6784e+00	2.3022e+00	7.7783e-01	0.0000e+00	0.0000e+00
4.3203e+00	1.6784e+00	2.5936e+00	1.1315e+00	0.0000e+00	0.0000e+00
4.6104e+00	1.6784e+00	2.5141e+00	1.2232e+00	0.0000e+00	0.0000e+00
4.9005e+00	1.6784e+00	2.6578e+00	1.0979e+00	0.0000e+00	0.0000e+00
5.1906e+00	1.6784e+00	2.7771e+00	7.0415e-01	0.0000e+00	0.0000e+00
5.4807e+00	1.6784e+00	2.8199e+00	-1.5905e-01	0.0000e+00	0.0000e+00
5.7708e+00	1.6784e+00	2.9636e+00	-4.2470e-01	0.0000e+00	0.0000e+00
6.0609e+00	1.6784e+00	2.7922e+00	-8.9398e-01	0.0000e+00	0.0000e+00
6.3510e+00	1.6784e+00	2.6097e+00	-8.2266e-01	0.0000e+00	0.0000e+00
6.6411e+00	1.6784e+00	2.4942e+00	-6.7146e-01	0.0000e+00	0.0000e+00
6.9312e+00	1.6784e+00	2.4227e+00	-4.8968e-01	0.0000e+00	0.0000e+00
7.2213e+00	1.6784e+00	2.1148e+00	-4.9608e-01	0.0000e+00	0.0000e+00
7.5114e+00	1.6784e+00	2.2199e+00	7.5470e-02	0.0000e+00	0.0000e+00
7.8015e+00	1.6784e+00	2.2117e+00	1.8980e-01	0.0000e+00	0.0000e+00
8.0916e+00	1.6784e+00	2.1137e+00	4.3425e-01	0.0000e+00	0.0000e+00
8.3817e+00	1.6784e+00	2.0822e+00	5.0957e-01	0.0000e+00	0.0000e+00
8.6718e+00	1.6784e+00	2.1803e+00	3.3229e-01	0.0000e+00	0.0000e+00
8.9619e+00	1.6784e+00	2.2272e+00	3.5062e-01	0.0000e+00	0.0000e+00
9.2520e+00	1.6784e+00	2.3816e+00	2.0878e-01	0.0000e+00	0.0000e+00
9.5421e+00	1.6784e+00	2.4927e+00	8.3664e-03	0.0000e+00	0.0000e+00
9.8322e+00	1.6784e+00	2.4535e+00	-1.9566e-01	0.0000e+00	0.0000e+00
1.0122e+01	1.6784e+00	2.5934e+00	-1.6183e-01	0.0000e+00	0.0000e+00
1.0412e+01	1.6784e+00	2.4583e+00	-2.2181e-01	0.0000e+00	0.0000e+00
1.0702e+01	1.6784e+00	2.5273e+00	-1.8960e-01	0.0000e+00	0.0000e+00
1.0993e+01	1.6784e+00	2.3367e+00	-2.0264e-01	0.0000e+00	0.0000e+00
1.1283e+01	1.6784e+00	2.4423e+00	-1.2406e-01	0.0000e+00	0.0000e+00
1.1573e+01	1.6784e+00	2.2212e+00	7.2634e-03	0.0000e+00	0.0000e+00
1.1863e+01	1.6784e+00	2.3404e+00	1.3742e-01	0.0000e+00	0.0000e+00
1.2153e+01	1.6784e+00	2.4376e+00	1.0295e-01	0.0000e+00	0.0000e+00
2.5901e-01	1.3883e+00	2.5016e+00	1.1005e-01	1.0000e+00	0.0000e+00
5.4911e-01	1.3883e+00	-2.5837e-01	-4.7836e-01	0.0000e+00	0.0000e+00
8.3920e-01	1.3883e+00	-3.2709e-01	-2.0924e-01	0.0000e+00	0.0000e+00
1.1293e+00	1.3883e+00	-1.9183e-01	4.9743e-01	0.0000e+00	0.0000e+00
1.4194e+00	1.3883e+00	-3.1518e-02	1.0080e+00	0.0000e+00	0.0000e+00
1.7095e+00	1.3883e+00	1.0368e+00	6.8397e-01	0.0000e+00	0.0000e+00
1.9996e+00	1.3883e+00	2.0306e+00	-4.7929e-01	0.0000e+00	0.0000e+00
2.2897e+00	1.3883e+00	2.3546e+00	-1.2572e+00	0.0000e+00	0.0000e+00
2.5798e+00	1.3883e+00	2.4836e+00	-1.2495e+00	0.0000e+00	0.0000e+00
2.8699e+00	1.3883e+00	2.3418e+00	-1.2038e+00	0.0000e+00	0.0000e+00
3.1600e+00	1.3883e+00	2.0371e+00	-9.7890e-01	0.0000e+00	0.0000e+00
3.4501e+00	1.3883e+00	2.0442e+00	-4.6561e-01	0.0000e+00	0.0000e+00
3.7402e+00	1.3883e+00	2.2860e+00	4.3685e-01	0.0000e+00	0.0000e+00
4.0303e+00	1.3883e+00	2.3737e+00	1.0503e+00	0.0000e+00	0.0000e+00
4.3203e+00	1.3883e+00	2.4234e+00	1.2691e+00	0.0000e+00	0.0000e+00
4.6104e+00	1.3883e+00	2.3680e+00	1.2398e+00	0.0000e+00	0.0000e+00
4.9005e+00	1.3883e+00	2.4523e+00	1.1170e+00	0.0000e+00	0.0000e+00
5.1906e+00	1.3883e+00	2.2986e+00	6.6486e-01	0.0000e+00	0.0000e+00
5.4807e+00	1.3883e+00	2.4162e+00	-1.0797e-01	0.0000e+00	0.0000e+00
5.7708e+00	1.3883e+00	2.5031e+00	-7.4788e-01	0.0000e+00	0.0000e+00
6.0609e+00	1.3883e+00	2.5103e+00	-9.2286e-01	0.0000e+00	0.0000e+00
6.3510e+00	1.3883e+00	2.4062e+00	-9.3310e-01	0.0000e+00	0.0000e+00
6.6411e+00	1.3883e+00	2.2112e+00	-8.7076e-01	0.0000e+00	0.0000e+00
6.9312e+00	1.3883e+00	2.1985e+00	-7.0367e-01	0.0000e+00	0.0000e+00
7.2213e+00	1.3883e+00	2.1048e+00	-4.5417e-01	0.0000e+00	0.0000e+00
7.5114e+00	1.3883e+00	2.0622e+00	-8.8733e-03	0.0000e+00	0.0000e+00
7.8015e+00	1.3883e+00	2.1908e+00	2.9790e-01	0.0000e+00	0.0000e+00
8.0916e+00	1.3883e+00	2.0864e+00	3.9824e-01	0.0000e+00	0.0000e+00
8.3817e+00	1.3883e+00	2.2399e+00	5.2081e-01	0.0000e+00	0.0000e+00
8.6718e+00	1.3883e+00	2.0666e+00	5.5559e-01	0.0000e+00	0.0000e+00
8.9619e+00	1.3883e+00	2.1588e+00	5.6041e-01	0.0000e+00	0.0000e+00
9.2520e+00	1.3883e+00	2.4159e+00	1.2835e-01	1.0000e+00	0.0000e+00
9.5421e+00	1.3883e+00	2.1429e+00	1.1328e-02	0.0000e+00	0.0000e+00
9.8322e+00	1.3883e+00	2.2415e+00	-2.0957e-01	0.0000e+00	0.0000e+00
1.0122e+01	1.3883e+00	2.2670e+00	-2.9995e-01	0.0000e+00	0.0000e+00
1.0412e+01	1.3883e+00	2.2676e+00	-2.8806e-01	0.0000e+00	0.0000e+00
1.0702e+01	1.3883e+00	2.3211e+00	-2.7517e-01	0.0000e+00	0.0000e+00
1.0993e+01	1.3883e+00	2.2480e+00	-3.0401e-01	0.0000e+00	0.0000e+00
1.1283e+01	1.3883e+00	2.2667e+00	6.8756e-02	0.0000e+00	0.0000e+00
1.1573e+01	1.3883e+00	2.2067e+00	3.6359e-02	0.0000e+00	0.0000e+00
1.1863e+01	1.3883e+00	2.2649e+00	9.8447e-03	0.0000e+00	0.0000e+00
1.2153e+01	1.3883e+00	2.1971e+00	5.5622e-02	0.0000e+00	0.0000e+00
2.5901e-01	1.0982e+00	2.5007e+00	7.2880e-02	1.0000e+00	0.0000e+00
5.4911e-01	1.0982e+00	-6.9390e-02	-6.3750e-01	0.0000e+00	0.0000e+00
8.3920e-01	1.0982e+00	-1.3527e-01	-8.9790e-02	0.0000e+00	0.0000e+00
1.1293e+00	1.0982e+00	2.4253e-01	6.3191e-01	0.0000e+00	0.0000e+00
1.4194e+00	1.0982e+00	1.0223e+00	1.4237e+00	0.0000e+00	0.0000e+00
1.7095e+00	1.0982e+00	5.9447e-01	1.2609e+00	0.0000e+00	0.0000e+00
1.9996e+00	1.0982e+00	8.2203e-01	4.7548e-01	0.0000e+00	0.0000e+00
2.2897e+00	1.0982e+00	1.5754e+00	-9.1925e-01	0.0000e+00	0.0000e+00
2.5798e+00	1.0982e+00	1.9118e+00	-1.2670e+00	0.0000e+00	0.0000e+00
2.8699e+00	1.0982e+00	1.9708e+00	-1.2789e+00	0.0000e+00	0.0000e+00
3.1600e+00	1.0982e+00	2.0830e+00	-9.2559e-01	0.0000e+00	0.0000e+00
3.4501e+00	1.0982e+00	2.5366e+00	-2.1939e-01	0.0000e+00	0.0000e+00
3.7402e+00	1.0982e+00	2.6333e+00	6.3357e-01	0.0000e+00	0.0000e+00
4.0303e+00	1.0982e+00	2.8333e+00	1.1383e+00	0.0000e+00	0.0000e+00
4.3203e+00	1.0982e+00	2.6724e+00	1.2060e+00	0.0000e+00	0.0000e+00
4.6104e+00	1.0982e+00	2.4020e+00	1.0876e+00	0.0000e+00	0.0000e+00
4.9005e+00	1.0982e+00	2.3649e+00	9.2420e-01	0.0000e+00	0.0000e+00
5.1906e+00	1.0982e+00	2.0421e+00	6.0069e-01	0.0000e+00	0.0000e+00
5.4807e+00	1.0982e+00	2.1711e+00	-1.4807e-01	0.0000e+00	0.0000e+00
5.7708e+00	1.0982e+00	2.0233e+00	-7.7776e-01	0.0000e+00	0.0000e+00
6.0609e+00	1.0982e+00	2.2167e+00	-8.8025e-01	0.0000e+00	0.0000e+00
6.3510e+00	1.0982e+00	2.1031e+00	-9.6599e-01	0.0000e+00	0.0000e+00
6.6411e+00	1.0982e+00	2.2494e+00	-9.1023e-01	0.0000e+00	0.0000e+00
6.9312e+00	1.0982e+00	2.2347e+00	-6.3651e-01	0.0000e+00	0.0000e+00
7.2213e+00	1.0982e+00	2.0991e+00	-4.1732e-01	0.0000e+00	0.0000e+00
7.5114e+00	1.0982e+00	2.2580e+00	1.8710e-02	0.0000e+00	0.0000e+00
7.8015e+00	1.0982e+00	2.2330e+00	3.3719e-01	0.0000e+00	0.0000e+00
8.0916e+00	1.0982e+00	2.4228e+00	2.2339e-01	0.0000e+00	0.0000e+00
8.3817e+00	1.0982e+00	2.2831e+00	4.9138e-01	0.0000e+00	0.0000e+00
8.6718e+00	1.0982e+00	2.1993e+00	4.7808e-01	0.0000e+00	0.0000e+00
8.9619e+00	1.0982e+00	2.1867e+00	2.7692e-01	0.0000e+00	0.0000e+00
9.2520e+00	1.0982e+00	2.1833e+00	2.2051e-01	0.0000e+00	0.0000e+00
9.5421e+00	1.0982e+00	2.0819e+00	4.7578e-02	0.0000e+00	0.0000e+00
9.8322e+00	1.0982e+00	2.2493e+00	-5.3431e-02	0.0000e+00	0.0000e+00
1.0122e+01	1.0982e+00	2.1858e+00	-2.9511e-02	0.0000e+00	0.0000e+00
1.0412e+01	1.0982e+00	2.1772e+00	-3.4367e-01	0.0000e+00	0.0000e+00
1.0702e+01	1.0982e+00	2.1987e+00	-4.5459e-01	0.0000e+00	0.0000e+00
1.0993e+01	1.0982e+00	2.2547e+00	-1.6504e-01	0.0000e+00	0.0000e+00
1.1283e+01	1.0982e+00	2.1946e+00	-1.0359e-01	0.0000e+00	0.0000e+00
1.1573e+01	1.0982e+00	2.2950e+00	-6.6979e-02	0.0000e+00	0.0000e+00
1.1863e+01	1.0982e+00	2.2937e+00	5.0688e-02	0.0000e+00	0.0000e+00
1.2153e+01	1.0982e+00	2.2202e+00	7.0066e-02	0.0000e+00	0.0000e+00
2.5901e-01	8.0812e-01	3.7250e+00	-1.1261e+00	0.0000e+00	0.0000e+00
5.4911e-01	8.0812e-01	2.0002e+00	-1.5791e-01	0.0000e+00	0.0000e+00
8.3920e-01	8.0812e-01	2.9833e+00	1.7181e-01	0.0000e+00	0.0000e+00
1.1293e+00	8.0812e-01	2.5664e+00	8.6232e-01	0.0000e+00	0.0000e+00
1.4194e+00	8.0812e-01	2.5675e+00	1.2295e+00	0.0000e+00	0.0000e+00
1.7095e+00	8.0812e-01	1.8018e+00	1.0207e+00	0.0000e+00	0.0000e+00
1.9996e+00	8.0812e-01	1.6570e+00	3.3669e-01	0.0000e+00	0.0000e+00
2.2897e+00	8.0812e-01	1.3777e+00	-3.7847e-01	0.0000e+00	0.0000e+00
2.5798e+00	8.0812e-01	1.7077e+00	-8.8239e-01	0.0000e+00	0.0000e+00
2.8699e+00	8.0812e-01	2.0088e+00	-1.0390e+00	0.0000e+00	0.0000e+00
3.1600e+00	8.0812e-01	2.5205e+00	-7.1423e-01	0.0000e+00	0.0000e+00
3.4501e+00	8.0812e-01	2.9540e+00	5.4416e-02	0.0000e+00	0.0000e+00
3.7402e+00	8.0812e-01	3.1873e+00	6.9516e-01	0.0000e+00	0.0000e+00
4.0303e+00	8.0812e-01	3.0465e+00	8.3956e-01	0.0000e+00	0.0000e+00
4.3203e+00	8.0812e-01	2.8029e+00	9.3873e-01	0.0000e+00	0.0000e+00
4.6104e+00	8.0812e-01	2.5227e+00	8.8920e-01	0.0000e+00	0.0000e+00
4.9005e+00	8.0812e-01	2.3427e+00	8.4953e-01	0.0000e+00	0.0000e+00
5.1906e+00	8.0812e-01	2.2066e+00	2.7954e-01	0.0000e+00	0.0000e+00
5.4807e+00	8.0812e-01	2.0705e+00	3.0886e-02	0.0000e+00	0.0000e+00
5.7708e+00	8.0812e-01	1.9243e+00	-5.1482e-01	0.0000e+00	0.0000e+00
6.0609e+00	8.0812e-01	2.1516e+00	-8.9221e-01	0.0000e+00	0.0000e+00
6.3510e+00	8.0812e-01	2.0399e+00	-1.0005e+00	0.0000e+00	0.0000e+00
6.6411e+00	8.0812e-01	2.2833e+00	-8.8043e-01	0.0000e+00	0.0000e+00
6.9312e+00	8.0812e-01	2.2865e+00	-7.4417e-01	0.0000e+00	0.0000e+00
7.2213e+00	8.0812e-01	2.2278e+00	-4.9322e-01	0.0000e+00	0.0000e+00
7.5114e+00	8.0812e-01	2.3117e+00	-4.8504e-02	0.0000e+00	0.0000e+00
7.8015e+00	8.0812e-01	2.3507e+00	3.3922e-01	0.0000e+00	0.0000e+00
8.0916e+00	8.0812e-01	2.4851e+00	4.5345e-01	0.0000e+00	0.0000e+00
8.3817e+00	8.0812e-01	2.4868e+00	4.2179e-01	0.0000e+00	0.0000e+00
8.6718e+00	8.0812e-01	2.3711e+00	4.0012e-01	0.0000e+00	0.0000e+00
8.9619e+00	8.0812e-01	2.2739e+00	3.2674e-01	0.0000e+00	0.0000e+00
9.2520e+00	8.0812e-01	2.2977e+00	1.3761e-01	0.0000e+00	0.0000e+00
9.5421e+00	8.0812e-01	2.1716e+00	1.0352e-01	0.0000e+00	0.0000e+00
9.8322e+00	8.0812e-01	2.1501e+00	-1.2743e-01	0.0000e+00	0.0000e+00
1.0122e+01	8.0812e-01	2.1252e+00	-1.7028e-01	0.0000e+00	0.0000e+00
1.0412e+01	8.0812e-01	2.1748e+00	-2.5982e-01	0.0000e+00	0.0000e+00
1.0702e+01	8.0812e-01	2.2714e+00	-3.1437e-01	0.0000e+00	0.0000e+00
1.0993e+01	8.0812e-01	2.3329e+00	-2.4597e-01	0.0000e+00	0.0000e+00
1.1283e+01	8.0812e-01	2.0599e+00	-1.5140e-01	0.0000e+00	0.0000e+00
1.1573e+01	8.0812e-01	2.3235e+00	3.6049e-02	0.0000e+00	0.0000e+00
1.1863e+01	8.0812e-01	2.5052e+00	4.2771e-02	0.0000e+00	0.0000e+00
1.2153e+01	8.0812e-01	2.3824e+00	1.1823e-01	0.0000e+00	0.0000e+00
2.5901e-01	5.1803e-01	3.9278e+00	-4.4981e-01	0.0000e+00	0.0000e+00
5.4911e-01	5.1803e-01	3.9977e+00	-1.8598e-01	0.0000e+00	0.0000e+00
8.3920e-01	5.1803e-01	3.7038e+00	3.0707e-01	0.0000e+00	0.0000e+00
1.1293e+00	5.1803e-01	3.6315e+00	6.1331e-01	0.0000e+00	0.0000e+00
1.4194e+00	5.1803e-01	3.1280e+00	7.5221e-01	0.0000e+00	0.0000e+00
1.7095e+00	5.1803e-01	2.6314e+00	4.6786e-01	0.0000e+00	0.0000e+00
1.9996e+00	5.1803e-01	2.3065e+00	3.8235e-01	0.0000e+00	0.0000e+00
2.2897e+00	5.1803e-01	2.3883e+00	-2.9459e-01	0.0000e+00	0.0000e+00
2.5798e+00	5.1803e-01	2.2672e+00	-3.4215e-01	0.0000e+00	0.0000e+00
2.8699e+00	5.1803e-01	2.8376e+00	-5.0736e-01	0.0000e+00	0.0000e+00
3.1600e+00	5.1803e-01	3.1919e+00	-1.1284e-01	0.0000e+00	0.0000e+00
3.4501e+00	5.1803e-01	3.3123e+00	4.3483e-01	0.0000e+00	0.0000e+00
3.7402e+00	5.1803e-01	3.1640e+00	9.6448e-01	0.0000e+00	0.0000e+00
4.0303e+00	5.1803e-01	2.9072e+00	8.2586e-01	0.0000e+00	0.0000e+00
4.3203e+00	5.1803e-01	2.8669e+00	7.3065e-01	0.0000e+00	0.0000e+00
4.6104e+00	5.1803e-01	2.6416e+00	6.8445e-01	0.0000e+00	0.0000e+00
4.9005e+00	5.1803e-01	2.3960e+00	5.2700e-01	0.0000e+00	0.0000e+00
5.1906e+00	5.1803e-01	2.1684e+00	4.3790e-01	0.0000e+00	0.0000e+00
5.4807e+00	5.1803e-01	2.0271e+00	-1.1330e-01	0.0000e+00	0.0000e+00
5.7708e+00	5.1803e-01	2.2819e+00	-2.9985e-01	1.0000e+00	0.0000e+00
6.0609e+00	5.1803e-01	2.2295e+00	-7.6291e-01	0.0000e+00	0.0000e+00
6.3510e+00	5.1803e-01	2.4766e+00	-8.9263e-01	0.0000e+00	0.0000e+00
6.6411e+00	5.1803e-01	2.4506e+00	-8.2534e-01	0.0000e+00	0.0000e+00
6.9312e+00	5.1803e-01	2.4936e+00	-6.8451e-01	0.0000e+00	0.0000e+00
7.2213e+00	5.1803e-01	2.6004e+00	-3.2810e-01	0.0000e+00	0.0000e+00
7.5114e+00	5.1803e-01	2.5960e+00	1.0457e-01	0.0000e+00	0.0000e+00
7.8015e+00	5.1803e-01	2.7182e+00	3.9293e-01	0.0000e+00	0.0000e+00
8.0916e+00	5.1803e-01	2.6271e+00	4.9268e-01	0.0000e+00	0.0000e+00
8.3817e+00	5.1803e-01	2.6678e+00	3.8756e-01	0.0000e+00	0.0000e+00
8.6718e+00	5.1803e-01	2.6699e+00	2.8792e-01	0.0000e+00	0.0000e+00
8.9619e+00	5.1803e-01	2.4575e+00	1.8196e-01	0.0000e+00	0.0000e+00
9.2520e+00	5.1803e-01	2.4631e+00	6.0556e-02	0.0000e+00	0.0000e+00
9.5421e+00	5.1803e-01	2.4466e+00	1.7744e-02	0.0000e+00	0.0000e+00
9.8322e+00	5.1803e-01	2.4050e+00	3.7122e-02	0.0000e+00	0.0000e+00
1.0122e+01	5.1803e-01	2.4004e+00	-1.4647e-01	0.0000e+00	0.0000e+00
1.0412e+01	5.1803e-01	2.3926e+00	-1.8483e-01	0.0000e+00	0.0000e+00
1.0702e+01	5.1803e-01	2.3788e+00	-1.4220e-01	1.0000e+00	0.0000e+00
1.0993e+01	5.1803e-01	2.5603e+00	-2.1676e-01	0.0000e+00	0.0000e+00
1.1283e+01	5.1803e-01	2.5850e+00	-1.2513e-01	0.0000e+00	0.0000e+00
1.1573e+01	5.1803e-01	2.6662e+00	3.8495e-02	0.0000e+00	0.0000e+00
1.1863e+01	5.1803e-01	2.5959e+00	4.9684e-02	0.0000e+00	0.0000e+00
1.2153e+01	5.1803e-01	2.7739e+00	1.2492e-01	0.0000e+00	0.0000e+00
2.5901e-01	2.2793e-01	3.3929e+00	-4.0412e-01	0.0000e+00	0.0000e+00
5.4911e-01	2.2793e-01	3.5733e+00	-1.0709e-01	0.0000e+00	0.0000e+00
8.3920e-01	2.2793e-01	3.4966e+00	3.2374e-02	0.0000e+00	0.0000e+00
1.1293e+00	2.2793e-01	3.4236e+00	1.7344e-01	0.0000e+00	0.0000e+00
1.4194e+00	2.2793e-01	3.0554e+00	3.4162e-01	0.0000e+00	0.0000e+00
1.7095e+00	2.2793e-01	3.0410e+00	1.8257e-01	0.0000e+00	0.0000e+00
1.9996e+00	2.2793e-01	2.9644e+00	1.0810e-04	0.0000e+00	0.0000e+00
2.2897e+00	2.2793e-01	2.9755e+00	-2.1484e-01	0.0000e+00	0.0000e+00
2.5798e+00	2.2793e-01	3.1543e+00	-3.9726e-01	0.0000e+00	0.0000e+00
2.8699e+00	2.2793e-01	3.2643e+00	-2.2024e-01	0.0000e+00	0.0000e+00
3.1600e+00	2.2793e-01	3.5228e+00	-8.7178e-02	0.0000e+00	0.0000e+00
3.4501e+00	2.2793e-01	3.4909e+00	1.2733e-01	0.0000e+00	0.0000e+00
3.7402e+00	2.2793e-01	3.4253e+00	4.2976e-01	0.0000e+00	0.0000e+00
4.0303e+00	2.2793e-01	3.1821e+00	6.2600e-01	0.0000e+00	0.0000e+00
4.3203e+00	2.2793e-01	2.8087e+00	5.0234e-01	0.0000e+00	0.0000e+00
4.6104e+00	2.2793e-01	2.7107e+00	4.0376e-01	0.0000e+00	0.0000e+00
4.9005e+00	2.2793e-01	2.5255e+00	2.9295e-01	0.0000e+00	0.0000e+00
5.1906e+00	2.2793e-01	2.3011e+00	9.2997e-02	0.0000e+00	0.0000e+00
5.4807e+00	2.2793e-01	2.2422e+00	-7.6010e-02	0.0000e+00	0.0000e+00
5.7708e+00	2.2793e-01	2.2844e+00	-3.7772e-01	0.0000e+00	0.0000e+00
6.0609e+00	2.2793e-01	2.3325e+00	-6.7981e-01	0.0000e+00	0.0000e+00
6.3510e+00	2.2793e-01	2.5085e+00	-8.4591e-01	0.0000e+00	0.0000e+00
6.6411e+00	2.2793e-01	2.6539e+00	-8.8586e-01	0.0000e+00	0.0000e+00
6.9312e+00	2.2793e-01	2.7876e+00	-5.5203e-01	0.0000e+00	0.0000e+00
7.2213e+00	2.2793e-01	2.9705e+00	-7.2973e-02	0.0000e+00	0.0000e+00
7.5114e+00	2.2793e-01	3.0123e+00	1.5534e-01	0.0000e+00	0.0000e+00
7.8015e+00	2.2793e-01	2.9790e+00	4.7620e-01	0.0000e+00	0.0000e+00
8.0916e+00	2.2793e-01	2.9803e+00	5.0541e-01	0.0000e+00	0.0000e+00
8.3817e+00	2.2793e-01	2.8895e+00	3.8433e-01	0.0000e+00	0.0000e+00
8.6718e+00	2.2793e-01	2.6886e+00	3.1012e-01	0.0000e+00	0.0000e+00
8.9619e+00	2.2793e-01	2.7234e+00	1.0018e-01	0.0000e+00	0.0000e+00
9.2520e+00	2.2793e-01	2.7073e+00	7.9750e-02	0.0000e+00	0.0000e+00
9.5421e+00	2.2793e-01	2.6074e+00	-9.6269e-02	0.0000e+00	0.0000e+00
9.8322e+00	2.2793e-01	2.7219e+00	-2.7631e-01	0.0000e+00	0.0000e+00
1.0122e+01	2.2793e-01	2.6572e+00	-1.7303e-01	0.0000e+00	0.0000e+00
1.0412e+01	2.2793e-01	2.6141e+00	-1.6123e-01	0.0000e+00	0.0000e+00
1.0702e+01	2.2793e-01	2.6124e+00	-8.4657e-02	0.0000e+00	0.0000e+00
1.0993e+01	2.2793e-01	2.7740e+00	8.5897e-02	0.0000e+00	0.0000e+00
1.1283e+01	2.2793e-01	2.8504e+00	-2.0867e-02	0.0000e+00	0.0000e+00
1.1573e+01	2.2793e-01	2.8266e+00	1.1473e-01	0.0000e+00	0.0000e+00
1.1863e+01	2.2793e-01	2.7834e+00	5.4089e-02	0.0000e+00	0.0000e+00
1.2153e+01	2.2793e-01	2.9132e+00	6.1936e-02	0.0000e+00	0.0000e+00
