# x	y	u	v	flags	mask
1.6000e+01	2.2400e+02	6.7890e+01	6.8462e+00	0.0000e+00	0.0000e+00
3.2000e+01	2.2400e+02	6.8772e+01	6.2325e+00	0.0000e+00	0.0000e+00
4.8000e+01	2.2400e+02	6.8859e+01	5.1402e+00	0.0000e+00	0.0000e+00
6.4000e+01	2.2400e+02	6.9695e+01	4.1341e+00	0.0000e+00	0.0000e+00
8.0000e+01	2.2400e+02	6.9560e+01	2.5384e+00	0.0000e+00	0.0000e+00
9.6000e+01	2.2400e+02	6.9075e+01	1.3180e+00	0.0000e+00	0.0000e+00
1.1200e+02	2.2400e+02	6.9436e+01	5.6416e-01	0.0000e+00	0.0000e+00
1.2800e+02	2.2400e+02	6.9888e+01	-9.5576e-01	0.0000e+00	0.0000e+00
1.4400e+02	2.2400e+02	6.9647e+01	-3.2220e+00	0.0000e+00	0.0000e+00
1.6000e+02	2.2400e+02	7.0170e+01	-5.8135e+00	0.0000e+00	0.0000e+00
1.7600e+02	2.2400e+02	6.8186e+01	-8.3517e+00	0.0000e+00	0.0000e+00
1.9200e+02	2.2400e+02	6.6789e+01	-9.4818e+00	0.0000e+00	0.0000e+00
2.0800e+02	2.2400e+02	6.5139e+01	-9.7480e+00	0.0000e+00	0.0000e+00
2.2400e+02	2.2400e+02	6.2521e+01	-1.0711e+01	0.0000e+00	0.0000e+00
2.4000e+02	2.2400e+02	6.0424e+01	-1.0758e+01	0.0000e+00	0.0000e+00
2.5600e+02	2.2400e+02	5.7776e+01	-1.0164e+01	0.0000e+00	0.0000e+00
2.7200e+02	2.2400e+02	5.6271e+01	-9.2670e+00	0.0000e+00	0.0000e+00
2.8800e+02	2.2400e+02	5.3415e+01	-7.5232e+00	0.0000e+00	0.0000e+00
3.0400e+02	2.2400e+02	5.2544e+01	-6.6567e+00	0.0000e+00	0.0000e+00
3.2000e+02	2.2400e+02	5.0320e+01	-4.3502e+00	0.0000e+00	0.0000e+00
3.3600e+02	2.2400e+02	4.9637e+01	-1.5312e+00	0.0000e+00	0.0000e+00
3.5200e+02	2.2400e+02	4.7338e+01	1.3622e+00	0.0000e+00	0.0000e+00
3.6800e+02	2.2400e+02	4.8199e+01	4.6757e+00	0.0000e+00	0.0000e+00
3.8400e+02	2.2400e+02	4.8887e+01	8.1999e+00	0.0000e+00	0.0000e+00
4.0000e+02	2.2400e+02	5.0397e+01	1.1310e+01	0.0000e+00	0.0000e+00
4.1600e+02	2.2400e+02	5.2712e+01	1.3857e+01	0.0000e+00	0.0000e+00
4.3200e+02	2.2400e+02	5.4990e+01	1.5697e+01	0.0000e+00	0.0000e+00
4.4800e+02	2.2400e+02	5.9050e+01	1.5092e+01	0.0000e+00	0.0000e+00
4.6400e+02	2.2400e+02	6.1640e+01	1.3185e+01	0.0000e+00	0.0000e+00
4.8000e+02	2.2400e+02	6.4878e+01	1.0739e+01	0.0000e+00	0.0000e+00
4.9600e+02	2.2400e+02	6.6202e+01	5.5924e+00	0.0000e+00	0.0000e+00
5.1200e+02	2.2400e+02	6.6824e+01	1.5722e+00	0.0000e+00	0.0000e+00
5.2800e+02	2.2400e+02	6.7457e+01	-1.3072e+00	0.0000e+00	0.0000e+00
5.4400e+02	2.2400e+02	6.4474e+01	-6.3684e+00	1.0000e+00	0.0000e+00
5.6000e+02	2.2400e+02	6.4856e+01	-9.2667e+00	0.0000e+00	0.0000e+00
5.7600e+02	2.2400e+02	6.3510e+01	-1.1086e+01	0.0000e+00	0.0000e+00
5.9200e+02	2.2400e+02	6.1483e+01	-1.0353e+01	0.0000e+00	0.0000e+00
6.0800e+02	2.2400e+02	5.8831e+01	-9.2613e+00	0.0000e+00	0.0000e+00
6.2400e+02	2.2400e+02	5.5948e+01	-9.6204e+00	1.0000e+00	0.0000e+00
6.4000e+02	2.2400e+02	5.4113e+01	-8.2929e+00	1.0000e+00	0.0000e+00
6.5600e+02	2.2400e+02	5.4677e+01	-5.6520e+00	0.0000e+00	0.0000e+00
6.7200e+02	2.2400e+02	5.3226e+01	-4.6161e+00	0.0000e+00	0.0000e+00
6.8800e+02	2.2400e+02	5.2361e+01	-2.5272e+00	0.0000e+00	0.0000e+00
7.0400e+02	2.2400e+02	5.0777e+01	1.3998e-01	0.0000e+00	0.0000e+00
7.2000e+02	2.2400e+02	5.0104e+01	1.6629e+00	0.0000e+00	0.0000e+00
7.3600e+02	2.2400e+02	5.0423e+01	2.8769e+00	0.0000e+00	0.0000e+00
7.5200e+02	2.2400e+02	5.0095e+01	4.3510e+00	0.0000e+00	0.0000e+00
7.6800e+02	2.2400e+02	5.0529e+01	5.0743e+00	0.0000e+00	0.0000e+00
7.8400e+02	2.2400e+02	5.1252e+01	6.3408e+00	0.0000e+00	0.0000e+00
8.0000e+02	2.2400e+02	5.2807e+01	6.3715e+00	0.0000e+00	0.0000e+00
8.1600e+02	2.2400e+02	5.3740e+01	6.4525e+00	0.0000e+00	0.0000e+00
8.3200e+02	2.2400e+02	5.4007e+01	6.6324e+00	0.0000e+00	0.0000e+00
8.4800e+02	2.2400e+02	5.5626e+01	4.7586e+00	0.0000e+00	0.0000e+00
8.6400e+02	2.2400e+02	5.5219e+01	2.4874e+00	0.0000e+00	0.0000e+00
8.8000e+02	2.2400e+02	5.6231e+01	1.4601e+00	0.0000e+00	0.0000e+00
8.9600e+02	2.2400e+02	5.6766e+01	3.1783e-01	0.0000e+00	0.0000e+00
9.1200e+02	2.2400e+02	5.7745e+01	-1.1600e+00	0.0000e+00	0.0000e+00
9.2800e+02	2.2400e+02	5.7193e+01	-2.5796e+00	0.0000e+00	0.0000e+00
9.4400e+02	2.2400e+02	5.7777e+01	-4.8308e+00	0.0000e+00	0.0000e+00
9.6000e+02	2.2400e+02	5.5809e+01	-4.5951e+00	0.0000e+00	0.0000e+00
9.7600e+02	2.2400e+02	5.6638e+01	-3.8378e+00	0.0000e+00	0.0000e+00
9.9200e+02	2.2400e+02	5.6622e+01	-4.7338e+00	0.0000e+00	0.0000e+00
1.0080e+03	2.2400e+02	5.7995e+01	-4.7766e+00	0.0000e+00	0.0000e+00
1.0240e+03	2.2400e+02	5.6532e+01	-3.4431e+00	0.0000e+00	0.0000e+00
1.0400e+03	2.2400e+02	5.6295e+01	-2.8633e+00	0.0000e+00	0.0000e+00
1.0560e+03	2.2400e+02	5.6592e+01	-2.2699e+00	0.0000e+00	0.0000e+00
1.0720e+03	2.2400e+02	5.6031e+01	-1.3290e+00	0.0000e+00	0.0000e+00
1.0880e+03	2.2400e+02	5.5688e+01	-1.5007e+00	0.0000e+00	0.0000e+00
1.1040e+03	2.2400e+02	5.5985e+01	-1.6082e+00	0.0000e+00	0.0000e+00
1.1200e+03	2.2400e+02	5.5332e+01	-1.0498e-01	0.0000e+00	0.0000e+00
1.1360e+03	2.2400e+02	5.4235e+01	-6.5791e-01	0.0000e+00	0.0000e+00
1.1520e+03	2.2400e+02	5.4754e+01	4.3881e-01	0.0000e+00	0.0000e+00
1.1680e+03	2.2400e+02	5.4813e+01	2.0649e+00	0.0000e+00	0.0000e+00
1.6000e+01	2.0800e+02	6.8994e+01	7.4389e+00	0.0000e+00	0.0000e+00
3.2000e+01	2.0800e+02	7.0074e+01	6.5158e+00	0.0000e+00	0.0000e+00
4.8000e+01	2.0800e+02	7.0377e+01	4.5326e+00	0.0000e+00	0.0000e+00
6.4000e+01	2.0800e+02	7.1534e+01	4.0707e+00	0.0000e+00	0.0000e+00
8.0000e+01	2.0800e+02	7.2047e+01	3.4158e+00	0.0000e+00	0.0000e+00
9.6000e+01	2.0800e+02	7.1026e+01	1.5452e+00	0.0000e+00	0.0000e+00
1.1200e+02	2.0800e+02	7.1732e+01	1.6749e-01	0.0000e+00	0.0000e+00
1.2800e+02	2.0800e+02	6.7935e+01	-1.3751e+00	1.0000e+00	0.0000e+00
1.4400e+02	2.0800e+02	7.1226e+01	-2.8497e+00	0.0000e+00	0.0000e+00
1.6000e+02	2.0800e+02	7.1735e+01	-5.4492e+00	0.0000e+00	0.0000e+00
1.7600e+02	2.0800e+02	7.0488e+01	-8.5831e+00	0.0000e+00	0.0000e+00
1.9200e+02	2.0800e+02	6.8713e+01	-1.0143e+01	0.0000e+00	0.0000e+00
2.0800e+02	2.0800e+02	6.6098e+01	-1.1449e+01	0.0000e+00	0.0000e+00
2.2400e+02	2.0800e+02	6.3075e+01	-1.2054e+01	0.0000e+00	0.0000e+00
2.4000e+02	2.0800e+02	6.0405e+01	-1.1833e+01	0.0000e+00	0.0000e+00
2.5600e+02	2.0800e+02	5.7511e+01	-1.1509e+01	0.0000e+00	0.0000e+00
2.7200e+02	2.0800e+02	5.5626e+01	-1.0681e+01	0.0000e+00	0.0000e+00
2.8800e+02	2.0800e+02	5.2652e+01	-8.9006e+00	0.0000e+00	0.0000e+00
3.0400e+02	2.0800e+02	5.0996e+01	-6.7804e+00	0.0000e+00	0.0000e+00
3.2000e+02	2.0800e+02	4.8738e+01	-4.5296e+00	0.0000e+00	0.0000e+00
3.3600e+02	2.0800e+02	4.7490e+01	-2.0296e+00	0.0000e+00	0.0000e+00
3.5200e+02	2.0800e+02	4.6246e+01	1.0765e+00	0.0000e+00	0.0000e+00
3.6800e+02	2.0800e+02	4.6307e+01	4.9456e+00	0.0000e+00	0.0000e+00
3.8400e+02	2.0800e+02	4.7154e+01	8.9434e+00	0.0000e+00	0.0000e+00
4.0000e+02	2.0800e+02	4.9076e+01	1.2375e+01	0.0000e+00	0.0000e+00
4.1600e+02	2.0800e+02	5.1563e+01	1.5405e+01	0.0000e+00	0.0000e+00
4.3200e+02	2.0800e+02	5.4385e+01	1.7516e+01	0.0000e+00	0.0000e+00
4.4800e+02	2.0800e+02	5.7652e+01	1.7379e+01	0.0000e+00	0.0000e+00
4.6400e+02	2.0800e+02	6.0428e+01	1.6068e+01	0.0000e+00	0.0000e+00
4.8000e+02	2.0800e+02	6.3579e+01	1.2581e+01	0.0000e+00	0.0000e+00
4.9600e+02	2.0800e+02	6.4651e+01	7.3272e+00	0.0000e+00	0.0000e+00
5.1200e+02	2.0800e+02	6.5423e+01	2.0385e+00	0.0000e+00	0.0000e+00
5.2800e+02	2.0800e+02	6.6824e+01	-3.0841e+00	0.0000e+00	0.0000e+00
5.4400e+02	2.0800e+02	6.6003e+01	-8.1811e+00	0.0000e+00	0.0000e+00
5.6000e+02	2.0800e+02	6.5425e+01	-1.0968e+01	0.0000e+00	0.0000e+00
5.7600e+02	2.0800e+02	6.3360e+01	-1.1700e+01	0.0000e+00	0.0000e+00
5.9200e+02	2.0800e+02	6.1352e+01	-1.1496e+01	0.0000e+00	0.0000e+00
6.0800e+02	2.0800e+02	5.8623e+01	-1.0759e+01	0.0000e+00	0.0000e+00
6.2400e+02	2.0800e+02	5.5826e+01	-9.5621e+00	0.0000e+00	0.0000e+00
6.4000e+02	2.0800e+02	5.3116e+01	-8.9822e+00	1.0000e+00	0.0000e+00
6.5600e+02	2.0800e+02	5.3128e+01	-6.5074e+00	0.0000e+00	0.0000e+00
6.7200e+02	2.0800e+02	5.1842e+01	-4.5527e+00	0.0000e+00	0.0000e+00
6.8800e+02	2.0800e+02	5.0390e+01	-2.7865e+00	0.0000e+00	0.0000e+00
7.0400e+02	2.0800e+02	4.9517e+01	-8.1970e-01	0.0000e+00	0.0000e+00
7.2000e+02	2.0800e+02	4.8950e+01	8.5626e-01	0.0000e+00	0.0000e+00
7.3600e+02	2.0800e+02	4.8217e+01	2.4177e+00	0.0000e+00	0.0000e+00
7.5200e+02	2.0800e+02	4.7566e+01	4.5870e+00	0.0000e+00	0.0000e+00
7.6800e+02	2.0800e+02	4.8455e+01	6.4909e+00	0.0000e+00	0.0000e+00
7.8400e+02	2.0800e+02	4.9365e+01	7.1981e+00	0.0000e+00	0.0000e+00
8.0000e+02	2.0800e+02	5.0201e+01	7.0754e+00	0.0000e+00	0.0000e+00
8.1600e+02	2.0800e+02	5.0820e+01	7.1949e+00	0.0000e+00	0.0000e+00
8.3200e+02	2.0800e+02	5.1701e+01	7.3810e+00	0.0000e+00	0.0000e+00
8.4800e+02	2.0800e+02	5.3256e+01	6.2849e+00	0.0000e+00	0.0000e+00
8.6400e+02	2.0800e+02	5.3771e+01	4.0413e+00	0.0000e+00	0.0000e+00
8.8000e+02	2.0800e+02	5.4422e+01	2.2641e+00	0.0000e+00	0.0000e+00
8.9600e+02	2.0800e+02	5.5338e+01	6.9914e-01	0.0000e+00	0.0000e+00
9.1200e+02	2.0800e+02	5.5368e+01	-1.0386e+00	0.0000e+00	0.0000e+00
9.2800e+02	2.0800e+02	5.5418e+01	-2.5257e+00	0.0000e+00	0.0000e+00
9.4400e+02	2.0800e+02	5.5039e+01	-3.8390e+00	0.0000e+00	0.0000e+00
9.6000e+02	2.0800e+02	5.5240e+01	-4.2859e+00	0.0000e+00	0.0000e+00
9.7600e+02	2.0800e+02	5.5366e+01	-4.7394e+00	0.0000e+00	0.0000e+00
9.9200e+02	2.0800e+02	5.5579e+01	-4.9747e+00	0.0000e+00	0.0000e+00
1.0080e+03	2.0800e+02	5.6191e+01	-4.0283e+00	0.0000e+00	0.0000e+00
1.0240e+03	2.0800e+02	5.5206e+01	-3.5019e+00	0.0000e+00	0.0000e+00
1.0400e+03	2.0800e+02	5.5448e+01	-3.2399e+00	0.0000e+00	0.0000e+00
1.0560e+03	2.0800e+02	5.5407e+01	-2.3306e+00	0.0000e+00	0.0000e+00
1.0720e+03	2.0800e+02	5.4351e+01	-1.2069e+00	0.0000e+00	0.0000e+00
1.0880e+03	2.0800e+02	5.3847e+01	-7.4688e-01	0.0000e+00	0.0000e+00
1.1040e+03	2.0800e+02	5.3511e+01	-2.3606e-01	0.0000e+00	0.0000e+00
1.1200e+03	2.0800e+02	5.3443e+01	1.6526e-01	0.0000e+00	0.0000e+00
1.1360e+03	2.0800e+02	5.3114e+01	6.7248e-01	0.0000e+00	0.0000e+00
1.1520e+03	2.0800e+02	5.2851e+01	1.0923e+00	0.0000e+00	0.0000e+00
1.1680e+03	2.0800e+02	5.2894e+01	1.1677e+00	0.0000e+00	0.0000e+00
1.6000e+01	1.9200e+02	7.1386e+01	9.3238e+00	0.0000e+00	0.0000e+00
3.2000e+01	1.9200e+02	7.0523e+01	8.1536e+00	0.0000e+00	0.0000e+00
4.8000e+01	1.9200e+02	6.8847e+01	5.1522e+00	0.0000e+00	0.0000e+00
6.4000e+01	1.9200e+02	6.9927e+01	3.9644e+00	0.0000e+00	0.0000e+00
8.0000e+01	1.9200e+02	6.8983e+01	2.7243e+00	0.0000e+00	0.0000e+00
9.6000e+01	1.9200e+02	6.9174e+01	2.0441e+00	0.0000e+00	0.0000e+00
1.1200e+02	1.9200e+02	7.1679e+01	1.0958e+00	0.0000e+00	0.0000e+00
1.2800e+02	1.9200e+02	7.0783e+01	-4.3825e-01	0.0000e+00	0.0000e+00
1.4400e+02	1.9200e+02	7.0685e+01	-2.9750e+00	0.0000e+00	0.0000e+00
1.6000e+02	1.9200e+02	7.1520e+01	-6.0462e+00	0.0000e+00	0.0000e+00
1.7600e+02	1.9200e+02	7.1408e+01	-1.0181e+01	0.0000e+00	0.0000e+00
1.9200e+02	1.9200e+02	6.9930e+01	-1.3979e+01	0.0000e+00	0.0000e+00
2.0800e+02	1.9200e+02	6.6371e+01	-1.3827e+01	0.0000e+00	0.0000e+00
2.2400e+02	1.9200e+02	6.3398e+01	-1.4752e+01	0.0000e+00	0.0000e+00
2.4000e+02	1.9200e+02	5.9536e+01	-1.4337e+01	0.0000e+00	0.0000e+00
2.5600e+02	1.9200e+02	5.6229e+01	-1.3791e+01	0.0000e+00	0.0000e+00
2.7200e+02	1.9200e+02	5.3731e+01	-1.2774e+01	0.0000e+00	0.0000e+00
2.8800e+02	1.9200e+02	5.1037e+01	-1.0611e+01	0.0000e+00	0.0000e+00
3.0400e+02	1.9200e+02	4.8334e+01	-8.4905e+00	0.0000e+00	0.0000e+00
3.2000e+02	1.9200e+02	4.6435e+01	-5.9991e+00	0.0000e+00	0.0000e+00
3.3600e+02	1.9200e+02	4.4463e+01	-3.1566e+00	0.0000e+00	0.0000e+00
3.5200e+02	1.9200e+02	4.3128e+01	3.4208e-01	0.0000e+00	0.0000e+00
3.6800e+02	1.9200e+02	4.3799e+01	5.1547e+00	0.0000e+00	0.0000e+00
3.8400e+02	1.9200e+02	4.5646e+01	1.1222e+01	0.0000e+00	0.0000e+00
4.0000e+02	1.9200e+02	4.7998e+01	1.4946e+01	0.0000e+00	0.0000e+00
4.1600e+02	1.9200e+02	5.0765e+01	1.7912e+01	0.0000e+00	0.0000e+00
4.3200e+02	1.9200e+02	5.3125e+01	1.9782e+01	0.0000e+00	0.0000e+00
4.4800e+02	1.9200e+02	5.5717e+01	1.9729e+01	0.0000e+00	0.0000e+00
4.6400e+02	1.9200e+02	5.8204e+01	1.7933e+01	0.0000e+00	0.0000e+00
4.8000e+02	1.9200e+02	6.0505e+01	1.4166e+01	0.0000e+00	0.0000e+00
4.9600e+02	1.9200e+02	6.2287e+01	8.5875e+00	0.0000e+00	0.0000e+00
5.1200e+02	1.9200e+02	6.2990e+01	2.0628e+00	0.0000e+00	0.0000e+00
5.2800e+02	1.9200e+02	6.3552e+01	-4.1085e+00	0.0000e+00	0.0000e+00
5.4400e+02	1.9200e+02	6.3359e+01	-8.8675e+00	0.0000e+00	0.0000e+00
5.6000e+02	1.9200e+02	6.2330e+01	-1.2697e+01	0.0000e+00	0.0000e+00
5.7600e+02	1.9200e+02	6.0717e+01	-1.3566e+01	0.0000e+00	0.0000e+00
5.9200e+02	1.9200e+02	5.8946e+01	-1.3103e+01	0.0000e+00	0.0000e+00
6.0800e+02	1.9200e+02	5.6524e+01	-1.2325e+01	0.0000e+00	0.0000e+00
6.2400e+02	1.9200e+02	5.3880e+01	-1.1124e+01	1.0000e+00	0.0000e+00
6.4000e+02	1.9200e+02	5.2139e+01	-9.5683e+00	0.0000e+00	0.0000e+00
6.5600e+02	1.9200e+02	5.0479e+01	-7.8707e+00	0.0000e+00	0.0000e+00
6.7200e+02	1.9200e+02	4.9188e+01	-5.8710e+00	0.0000e+00	0.0000e+00
6.8800e+02	1.9200e+02	4.7815e+01	-3.8814e+00	0.0000e+00	0.0000e+00
7.0400e+02	1.9200e+02	4.6354e+01	-1.8588e+00	0.0000e+00	0.0000e+00
7.2000e+02	1.9200e+02	4.5932e+01	1.4489e-01	0.0000e+00	0.0000e+00
7.3600e+02	1.9200e+02	4.5757e+01	2.4165e+00	0.0000e+00	0.0000e+00
7.5200e+02	1.9200e+02	4.5401e+01	4.9999e+00	0.0000e+00	0.0000e+00
7.6800e+02	1.9200e+02	4.6413e+01	6.8088e+00	0.0000e+00	0.0000e+00
7.8400e+02	1.9200e+02	4.6826e+01	7.8431e+00	0.0000e+00	0.0000e+00
8.0000e+02	1.9200e+02	4.7024e+01	8.2159e+00	0.0000e+00	0.0000e+00
8.1600e+02	1.9200e+02	4.8103e+01	8.3429e+00	0.0000e+00	0.0000e+00
8.3200e+02	1.9200e+02	4.8536e+01	7.9610e+00	0.0000e+00	0.0000e+00
8.4800e+02	1.9200e+02	4.9373e+01	6.4680e+00	0.0000e+00	0.0000e+00
8.6400e+02	1.9200e+02	5.0550e+01	4.9912e+00	0.0000e+00	0.0000e+00
8.8000e+02	1.9200e+02	5.1549e+01	3.1433e+00	0.0000e+00	0.0000e+00
8.9600e+02	1.9200e+02	5.2059e+01	1.0968e+00	0.0000e+00	0.0000e+00
9.1200e+02	1.9200e+02	5.2202e+01	-6.9323e-01	0.0000e+00	0.0000e+00
9.2800e+02	1.9200e+02	5.2825e+01	-2.1610e+00	0.0000e+00	0.0000e+00
9.4400e+02	1.9200e+02	5.2695e+01	-4.1212e+00	0.0000e+00	0.0000e+00
9.6000e+02	1.9200e+02	5.3474e+01	-5.2889e+00	0.0000e+00	0.0000e+00
9.7600e+02	1.9200e+02	5.3224e+01	-5.0170e+00	0.0000e+00	0.0000e+00
9.9200e+02	1.9200e+02	5.3310e+01	-4.5743e+00	0.0000e+00	0.0000e+00
1.0080e+03	1.9200e+02	5.3402e+01	-4.0730e+00	0.0000e+00	0.0000e+00
1.0240e+03	1.9200e+02	5.3076e+01	-3.7690e+00	0.0000e+00	0.0000e+00
1.0400e+03	1.9200e+02	5.3152e+01	-3.2715e+00	0.0000e+00	0.0000e+00
1.0560e+03	1.9200e+02	5.2577e+01	-2.5958e+00	0.0000e+00	0.0000e+00
1.0720e+03	1.9200e+02	5.1972e+01	-1.9508e+00	0.0000e+00	0.0000e+00
1.0880e+03	1.9200e+02	5.1613e+01	-1.3420e+00	0.0000e+00	0.0000e+00
1.1040e+03	1.9200e+02	5.1209e+01	-5.8151e-01	0.0000e+00	0.0000e+00
1.1200e+03	1.9200e+02	5.1150e+01	6.7481e-02	0.0000e+00	0.0000e+00
1.1360e+03	1.9200e+02	5.0706e+01	5.6722e-01	0.0000e+00	0.0000e+00
1.1520e+03	1.9200e+02	5.0079e+01	1.0348e+00	0.0000e+00	0.0000e+00
1.1680e+03	1.9200e+02	5.0211e+01	1.1543e+00	0.0000e+00	0.0000e+00
1.6000e+01	1.7600e+02	6.9326e+01	1.2047e+01	0.0000e+00	0.0000e+00
3.2000e+01	1.7600e+02	6.6464e+01	6.9045e+00	0.0000e+00	0.0000e+00
4.8000e+01	1.7600e+02	6.5242e+01	3.7631e+00	0.0000e+00	0.0000e+00
6.4000e+01	1.7600e+02	6.0342e+01	2.3172e+00	0.0000e+00	0.0000e+00
8.0000e+01	1.7600e+02	5.7011e+01	7.9577e-01	0.0000e+00	0.0000e+00
9.6000e+01	1.7600e+02	5.9094e+01	1.4022e+00	0.0000e+00	0.0000e+00
1.1200e+02	1.7600e+02	6.0703e+01	9.0193e-01	0.0000e+00	0.0000e+00
1.2800e+02	1.7600e+02	5.2224e+01	1.0711e+00	1.0000e+00	0.0000e+00
1.4400e+02	1.7600e+02	6.1876e+01	-1.9033e+00	0.0000e+00	0.0000e+00
1.6000e+02	1.7600e+02	6.7073e+01	-6.2152e+00	0.0000e+00	0.0000e+00
1.7600e+02	1.7600e+02	6.7761e+01	-1.1715e+01	0.0000e+00	0.0000e+00
1.9200e+02	1.7600e+02	6.8107e+01	-1.5182e+01	0.0000e+00	0.0000e+00
2.0800e+02	1.7600e+02	6.4102e+01	-1.6131e+01	0.0000e+00	0.0000e+00
2.2400e+02	1.7600e+02	6.2041e+01	-1.7869e+01	0.0000e+00	0.0000e+00
2.4000e+02	1.7600e+02	5.7662e+01	-1.7543e+01	0.0000e+00	0.0000e+00
2.5600e+02	1.7600e+02	5.4451e+01	-1.6617e+01	0.0000e+00	0.0000e+00
2.7200e+02	1.7600e+02	5.1647e+01	-1.5227e+01	0.0000e+00	0.0000e+00
2.8800e+02	1.7600e+02	4.9029e+01	-1.3059e+01	0.0000e+00	0.0000e+00
3.0400e+02	1.7600e+02	4.6174e+01	-1.0913e+01	0.0000e+00	0.0000e+00
3.2000e+02	1.7600e+02	4.3587e+01	-8.5574e+00	0.0000e+00	0.0000e+00
3.3600e+02	1.7600e+02	4.2334e+01	-4.5198e+00	0.0000e+00	0.0000e+00
3.5200e+02	1.7600e+02	4.1657e+01	2.7236e-01	0.0000e+00	0.0000e+00
3.6800e+02	1.7600e+02	4.2779e+01	5.7002e+00	0.0000e+00	0.0000e+00
3.8400e+02	1.7600e+02	4.5223e+01	1.3675e+01	0.0000e+00	0.0000e+00
4.0000e+02	1.7600e+02	4.7354e+01	1.7705e+01	0.0000e+00	0.0000e+00
4.1600e+02	1.7600e+02	5.0075e+01	2.1046e+01	0.0000e+00	0.0000e+00
4.3200e+02	1.7600e+02	5.2091e+01	2.2126e+01	0.0000e+00	0.0000e+00
4.4800e+02	1.7600e+02	5.3458e+01	2.1366e+01	0.0000e+00	0.0000e+00
4.6400e+02	1.7600e+02	5.5515e+01	1.9754e+01	0.0000e+00	0.0000e+00
4.8000e+02	1.7600e+02	5.7300e+01	1.5772e+01	0.0000e+00	0.0000e+00
4.9600e+02	1.7600e+02	5.8743e+01	1.0079e+01	0.0000e+00	0.0000e+00
5.1200e+02	1.7600e+02	5.9042e+01	3.1794e+00	0.0000e+00	0.0000e+00
5.2800e+02	1.7600e+02	5.9362e+01	-3.9653e+00	0.0000e+00	0.0000e+00
5.4400e+02	1.7600e+02	5.9415e+01	-9.8078e+00	0.0000e+00	0.0000e+00
5.6000e+02	1.7600e+02	5.8623e+01	-1.2974e+01	0.0000e+00	0.0000e+00
5.7600e+02	1.7600e+02	5.7481e+01	-1.4277e+01	0.0000e+00	0.0000e+00
5.9200e+02	1.7600e+02	5.5988e+01	-1.4922e+01	0.0000e+00	0.0000e+00
6.0800e+02	1.7600e+02	5.4033e+01	-1.3993e+01	0.0000e+00	0.0000e+00
6.2400e+02	1.7600e+02	5.1614e+01	-1.2563e+01	0.0000e+00	0.0000e+00
6.4000e+02	1.7600e+02	4.9996e+01	-1.1165e+01	0.0000e+00	0.0000e+00
6.5600e+02	1.7600e+02	4.8284e+01	-9.6336e+00	0.0000e+00	0.0000e+00
6.7200e+02	1.7600e+02	4.6705e+01	-7.8953e+00	0.0000e+00	0.0000e+00
6.8800e+02	1.7600e+02	4.5343e+01	-5.8231e+00	0.0000e+00	0.0000e+00
7.0400e+02	1.7600e+02	4.4122e+01	-3.2848e+00	0.0000e+00	0.0000e+00
7.2000e+02	1.7600e+02	4.3840e+01	-3.8406e-02	0.0000e+00	0.0000e+00
7.3600e+02	1.7600e+02	4.4034e+01	2.7621e+00	0.0000e+00	0.0000e+00
7.5200e+02	1.7600e+02	4.3899e+01	5.0561e+00	0.0000e+00	0.0000e+00
7.6800e+02	1.7600e+02	4.4575e+01	6.8330e+00	0.0000e+00	0.0000e+00
7.8400e+02	1.7600e+02	4.4533e+01	8.2980e+00	0.0000e+00	0.0000e+00
8.0000e+02	1.7600e+02	4.4551e+01	9.3897e+00	0.0000e+00	0.0000e+00
8.1600e+02	1.7600e+02	4.5643e+01	9.3841e+00	0.0000e+00	0.0000e+00
8.3200e+02	1.7600e+02	4.6510e+01	8.5434e+00	0.0000e+00	0.0000e+00
8.4800e+02	1.7600e+02	4.7066e+01	7.1800e+00	0.0000e+00	0.0000e+00
8.6400e+02	1.7600e+02	4.7351e+01	5.7207e+00	0.0000e+00	0.0000e+00
8.8000e+02	1.7600e+02	4.8502e+01	3.8683e+00	0.0000e+00	0.0000e+00
8.9600e+02	1.7600e+02	4.9306e+01	2.0264e+00	0.0000e+00	0.0000e+00
9.1200e+02	1.7600e+02	4.9684e+01	-5.6152e-02	0.0000e+00	0.0000e+00
9.2800e+02	1.7600e+02	5.0796e+01	-1.7131e+00	0.0000e+00	0.0000e+00
9.4400e+02	1.7600e+02	5.0782e+01	-3.2916e+00	0.0000e+00	0.0000e+00
9.6000e+02	1.7600e+02	5.1216e+01	-4.6195e+00	0.0000e+00	0.0000e+00
9.7600e+02	1.7600e+02	5.0904e+01	-4.7019e+00	0.0000e+00	0.0000e+00
9.9200e+02	1.7600e+02	5.0876e+01	-4.3817e+00	0.0000e+00	0.0000e+00
1.0080e+03	1.7600e+02	5.0842e+01	-4.4104e+00	0.0000e+00	0.0000e+00
1.0240e+03	1.7600e+02	5.0920e+01	-4.2500e+00	0.0000e+00	0.0000e+00
1.0400e+03	1.7600e+02	5.0850e+01	-3.6454e+00	0.0000e+00	0.0000e+00
1.0560e+03	1.7600e+02	5.0140e+01	-2.8685e+00	0.0000e+00	0.0000e+00
1.0720e+03	1.7600e+02	4.9586e+01	-2.2677e+00	0.0000e+00	0.0000e+00
1.0880e+03	1.7600e+02	4.9191e+01	-1.5361e+00	0.0000e+00	0.0000e+00
1.1040e+03	1.7600e+02	4.8807e+01	-7.5382e-01	0.0000e+00	0.0000e+00
1.1200e+03	1.7600e+02	4.8415e+01	-1.7081e-01	0.0000e+00	0.0000e+00
1.1360e+03	1.7600e+02	4.8103e+01	5.1649e-01	0.0000e+00	0.0000e+00
1.1520e+03	1.7600e+02	4.7883e+01	1.0035e+00	0.0000e+00	0.0000e+00
1.1680e+03	1.7600e+02	4.7954e+01	1.2374e+00	0.0000e+00	0.0000e+00
1.6000e+01	1.6000e+02	6.6341e+01	9.9806e+00	0.0000e+00	0.0000e+00
3.2000e+01	1.6000e+02	5.7327e+01	2.5658e+00	0.0000e+00	0.0000e+00
4.8000e+01	1.6000e+02	5.0754e+01	1.1315e+00	0.0000e+00	0.0000e+00
6.4000e+01	1.6000e+02	4.3168e+01	5.9186e-01	0.0000e+00	0.0000e+00
8.0000e+01	1.6000e+02	3.0717e+01	5.4216e-01	0.0000e+00	0.0000e+00
9.6000e+01	1.6000e+02	3.3308e+01	2.5281e+00	1.0000e+00	0.0000e+00
1.1200e+02	1.6000e+02	3.8501e+01	8.1348e-02	0.0000e+00	0.0000e+00
1.2800e+02	1.6000e+02	4.0385e+01	1.5248e+00	0.0000e+00	0.0000e+00
1.4400e+02	1.6000e+02	4.9152e+01	3.0531e+00	0.0000e+00	0.0000e+00
1.6000e+02	1.6000e+02	5.3591e+01	-3.7966e+00	0.0000e+00	0.0000e+00
1.7600e+02	1.6000e+02	5.7239e+01	-8.6247e+00	0.0000e+00	0.0000e+00
1.9200e+02	1.6000e+02	5.9953e+01	-1.4068e+01	0.0000e+00	0.0000e+00
2.0800e+02	1.6000e+02	5.9668e+01	-1.9385e+01	0.0000e+00	0.0000e+00
2.2400e+02	1.6000e+02	5.7489e+01	-2.0634e+01	0.0000e+00	0.0000e+00
2.4000e+02	1.6000e+02	5.5390e+01	-2.1121e+01	0.0000e+00	0.0000e+00
2.5600e+02	1.6000e+02	5.2049e+01	-1.9504e+01	0.0000e+00	0.0000e+00
2.7200e+02	1.6000e+02	4.9738e+01	-1.7841e+01	0.0000e+00	0.0000e+00
2.8800e+02	1.6000e+02	4.6615e+01	-1.5664e+01	0.0000e+00	0.0000e+00
3.0400e+02	1.6000e+02	4.4170e+01	-1.3144e+01	0.0000e+00	0.0000e+00
3.2000e+02	1.6000e+02	4.1882e+01	-1.0164e+01	0.0000e+00	0.0000e+00
3.3600e+02	1.6000e+02	4.1055e+01	-5.0999e+00	0.0000e+00	0.0000e+00
3.5200e+02	1.6000e+02	4.1718e+01	1.6409e+00	0.0000e+00	0.0000e+00
3.6800e+02	1.6000e+02	4.3134e+01	8.6331e+00	0.0000e+00	0.0000e+00
3.8400e+02	1.6000e+02	4.6208e+01	1.4918e+01	0.0000e+00	0.0000e+00
4.0000e+02	1.6000e+02	4.7760e+01	1.9643e+01	0.0000e+00	0.0000e+00
4.1600e+02	1.6000e+02	4.9613e+01	2.2620e+01	0.0000e+00	0.0000e+00
4.3200e+02	1.6000e+02	5.0694e+01	2.3522e+01	0.0000e+00	0.0000e+00
4.4800e+02	1.6000e+02	5.1010e+01	2.2916e+01	0.0000e+00	0.0000e+00
4.6400e+02	1.6000e+02	5.2303e+01	2.0910e+01	0.0000e+00	0.0000e+00
4.8000e+02	1.6000e+02	5.3423e+01	1.6862e+01	0.0000e+00	0.0000e+00
4.9600e+02	1.6000e+02	5.3912e+01	1.0797e+01	0.0000e+00	0.0000e+00
5.1200e+02	1.6000e+02	5.4331e+01	3.7369e+00	0.0000e+00	0.0000e+00
5.2800e+02	1.6000e+02	5.4798e+01	-3.6840e+00	0.0000e+00	0.0000e+00
5.4400e+02	1.6000e+02	5.4681e+01	-9.4190e+00	0.0000e+00	0.0000e+00
5.6000e+02	1.6000e+02	5.4922e+01	-1.3923e+01	0.0000e+00	0.0000e+00
5.7600e+02	1.6000e+02	5.4273e+01	-1.6440e+01	0.0000e+00	0.0000e+00
5.9200e+02	1.6000e+02	5.2964e+01	-1.6896e+01	0.0000e+00	0.0000e+00
6.0800e+02	1.6000e+02	5.1414e+01	-1.6035e+01	0.0000e+00	0.0000e+00
6.2400e+02	1.6000e+02	4.9345e+01	-1.4637e+01	0.0000e+00	0.0000e+00
6.4000e+02	1.6000e+02	4.7875e+01	-1.2884e+01	0.0000e+00	0.0000e+00
6.5600e+02	1.6000e+02	4.6262e+01	-1.1060e+01	0.0000e+00	0.0000e+00
6.7200e+02	1.6000e+02	4.4352e+01	-9.2356e+00	0.0000e+00	0.0000e+00
6.8800e+02	1.6000e+02	4.3118e+01	-6.8828e+00	0.0000e+00	0.0000e+00
7.0400e+02	1.6000e+02	4.2642e+01	-3.5675e+00	0.0000e+00	0.0000e+00
7.2000e+02	1.6000e+02	4.2438e+01	-3.2457e-02	0.0000e+00	0.0000e+00
7.3600e+02	1.6000e+02	4.2559e+01	2.9808e+00	0.0000e+00	0.0000e+00
7.5200e+02	1.6000e+02	4.2727e+01	5.3144e+00	0.0000e+00	0.0000e+00
7.6800e+02	1.6000e+02	4.3384e+01	7.4513e+00	0.0000e+00	0.0000e+00
7.8400e+02	1.6000e+02	4.3245e+01	8.9748e+00	0.0000e+00	0.0000e+00
8.0000e+02	1.6000e+02	4.3482e+01	9.4367e+00	0.0000e+00	0.0000e+00
8.1600e+02	1.6000e+02	4.4108e+01	9.5469e+00	0.0000e+00	0.0000e+00
8.3200e+02	1.6000e+02	4.4940e+01	8.9453e+00	0.0000e+00	0.0000e+00
8.4800e+02	1.6000e+02	4.5513e+01	7.6294e+00	0.0000e+00	0.0000e+00
8.6400e+02	1.6000e+02	4.5683e+01	6.1780e+00	0.0000e+00	0.0000e+00
8.8000e+02	1.6000e+02	4.6072e+01	4.4302e+00	0.0000e+00	0.0000e+00
8.9600e+02	1.6000e+02	4.6838e+01	2.5800e+00	0.0000e+00	0.0000e+00
9.1200e+02	1.6000e+02	4.7196e+01	7.0599e-01	0.0000e+00	0.0000e+00
9.2800e+02	1.6000e+02	4.7883e+01	-1.2726e+00	0.0000e+00	0.0000e+00
9.4400e+02	1.6000e+02	4.8572e+01	-2.5001e+00	0.0000e+00	0.0000e+00
9.6000e+02	1.6000e+02	4.8888e+01	-3.6978e+00	0.0000e+00	0.0000e+00
9.7600e+02	1.6000e+02	4.8600e+01	-4.6784e+00	0.0000e+00	0.0000e+00
9.9200e+02	1.6000e+02	4.8570e+01	-4.6532e+00	0.0000e+00	0.0000e+00
1.0080e+03	1.6000e+02	4.8596e+01	-4.6518e+00	0.0000e+00	0.0000e+00
1.0240e+03	1.6000e+02	4.8717e+01	-4.3213e+00	0.0000e+00	0.0000e+00
1.0400e+03	1.6000e+02	4.8424e+01	-4.1442e+00	0.0000e+00	0.0000e+00
1.0560e+03	1.6000e+02	4.7988e+01	-3.7241e+00	0.0000e+00	0.0000e+00
1.0720e+03	1.6000e+02	4.7336e+01	-2.7903e+00	0.0000e+00	0.0000e+00
1.0880e+03	1.6000e+02	4.6680e+01	-1.8676e+00	0.0000e+00	0.0000e+00
1.1040e+03	1.6000e+02	4.6419e+01	-1.2606e+00	0.0000e+00	0.0000e+00
1.1200e+03	1.6000e+02	4.6063e+01	-7.1440e-01	0.0000e+00	0.0000e+00
1.1360e+03	1.6000e+02	4.5908e+01	3.0846e-01	0.0000e+00	0.0000e+00
1.1520e+03	1.6000e+02	4.5806e+01	1.0173e+00	0.0000e+00	0.0000e+00
1.1680e+03	1.6000e+02	4.6011e+01	1.2445e+00	0.0000e+00	0.0000e+00
1.6000e+01	1.4400e+02	3.6029e+01	-5.0907e-01	1.0000e+00	0.0000e+00
3.2000e+01	1.4400e+02	2.8047e+01	5.3078e-01	0.0000e+00	0.0000e+00
4.8000e+01	1.4400e+02	1.0664e+01	-2.3566e+00	0.0000e+00	0.0000e+00
6.4000e+01	1.4400e+02	4.8263e+00	-3.0404e+00	0.0000e+00	0.0000e+00
8.0000e+01	1.4400e+02	9.5679e-01	-1.1632e+00	0.0000e+00	0.0000e+00
9.6000e+01	1.4400e+02	-2.4351e+00	3.8021e+00	0.0000e+00	0.0000e+00
1.1200e+02	1.4400e+02	4.2587e+00	9.7780e+00	0.0000e+00	0.0000e+00
1.2800e+02	1.4400e+02	2.7820e+01	7.8501e+00	1.0000e+00	0.0000e+00
1.4400e+02	1.4400e+02	2.2678e+01	1.4006e+01	0.0000e+00	0.0000e+00
1.6000e+02	1.4400e+02	2.8822e+01	7.4304e+00	0.0000e+00	0.0000e+00
1.7600e+02	1.4400e+02	4.0575e+01	-3.3214e+00	0.0000e+00	0.0000e+00
1.9200e+02	1.4400e+02	4.8861e+01	-1.3681e+01	0.0000e+00	0.0000e+00
2.0800e+02	1.4400e+02	5.0595e+01	-2.0153e+01	0.0000e+00	0.0000e+00
2.2400e+02	1.4400e+02	5.0957e+01	-2.4020e+01	0.0000e+00	0.0000e+00
2.4000e+02	1.4400e+02	5.1087e+01	-2.4735e+01	0.0000e+00	0.0000e+00
2.5600e+02	1.4400e+02	4.9103e+01	-2.2300e+01	0.0000e+00	0.0000e+00
2.7200e+02	1.4400e+02	4.6478e+01	-2.0734e+01	0.0000e+00	0.0000e+00
2.8800e+02	1.4400e+02	4.3958e+01	-1.9074e+01	0.0000e+00	0.0000e+00
3.0400e+02	1.4400e+02	4.2530e+01	-1.6276e+01	0.0000e+00	0.0000e+00
3.2000e+02	1.4400e+02	4.1687e+01	-1.1663e+01	0.0000e+00	0.0000e+00
3.3600e+02	1.4400e+02	4.1244e+01	-4.9766e+00	0.0000e+00	0.0000e+00
3.5200e+02	1.4400e+02	4.2680e+01	2.9579e+00	0.0000e+00	0.0000e+00
3.6800e+02	1.4400e+02	4.5407e+01	1.1326e+01	0.0000e+00	0.0000e+00
3.8400e+02	1.4400e+02	4.8024e+01	1.7599e+01	0.0000e+00	0.0000e+00
4.0000e+02	1.4400e+02	4.9349e+01	2.1694e+01	0.0000e+00	0.0000e+00
4.1600e+02	1.4400e+02	4.9868e+01	2.4053e+01	0.0000e+00	0.0000e+00
4.3200e+02	1.4400e+02	4.9839e+01	2.4175e+01	0.0000e+00	0.0000e+00
4.4800e+02	1.4400e+02	4.9332e+01	2.3364e+01	0.0000e+00	0.0000e+00
4.6400e+02	1.4400e+02	4.9426e+01	2.1380e+01	0.0000e+00	0.0000e+00
4.8000e+02	1.4400e+02	4.9329e+01	1.7339e+01	0.0000e+00	0.0000e+00
4.9600e+02	1.4400e+02	4.9376e+01	1.1233e+01	0.0000e+00	0.0000e+00
5.1200e+02	1.4400e+02	5.0070e+01	3.7120e+00	0.0000e+00	0.0000e+00
5.2800e+02	1.4400e+02	5.0241e+01	-3.9445e+00	0.0000e+00	0.0000e+00
5.4400e+02	1.4400e+02	5.0431e+01	-1.0482e+01	0.0000e+00	0.0000e+00
5.6000e+02	1.4400e+02	5.0807e+01	-1.5400e+01	0.0000e+00	0.0000e+00
5.7600e+02	1.4400e+02	5.0627e+01	-1.7586e+01	0.0000e+00	0.0000e+00
5.9200e+02	1.4400e+02	4.9802e+01	-1.8174e+01	0.0000e+00	0.0000e+00
6.0800e+02	1.4400e+02	4.8669e+01	-1.7586e+01	0.0000e+00	0.0000e+00
6.2400e+02	1.4400e+02	4.7297e+01	-1.6283e+01	0.0000e+00	0.0000e+00
6.4000e+02	1.4400e+02	4.5749e+01	-1.4803e+01	0.0000e+00	0.0000e+00
6.5600e+02	1.4400e+02	4.4383e+01	-1.3007e+01	0.0000e+00	0.0000e+00
6.7200e+02	1.4400e+02	4.2610e+01	-1.0382e+01	0.0000e+00	0.0000e+00
6.8800e+02	1.4400e+02	4.1966e+01	-6.8153e+00	0.0000e+00	0.0000e+00
7.0400e+02	1.4400e+02	4.1917e+01	-3.5801e+00	0.0000e+00	0.0000e+00
7.2000e+02	1.4400e+02	4.1878e+01	-2.5765e-01	0.0000e+00	0.0000e+00
7.3600e+02	1.4400e+02	4.2130e+01	2.8355e+00	0.0000e+00	0.0000e+00
7.5200e+02	1.4400e+02	4.2591e+01	5.8093e+00	0.0000e+00	0.0000e+00
7.6800e+02	1.4400e+02	4.3119e+01	8.4212e+00	0.0000e+00	0.0000e+00
7.8400e+02	1.4400e+02	4.3032e+01	9.6088e+00	0.0000e+00	0.0000e+00
8.0000e+02	1.4400e+02	4.3203e+01	9.8675e+00	0.0000e+00	0.0000e+00
8.1600e+02	1.4400e+02	4.3549e+01	9.7276e+00	0.0000e+00	0.0000e+00
8.3200e+02	1.4400e+02	4.3621e+01	9.2521e+00	0.0000e+00	0.0000e+00
8.4800e+02	1.4400e+02	4.3873e+01	8.2189e+00	0.0000e+00	0.0000e+00
8.6400e+02	1.4400e+02	4.4057e+01	6.7603e+00	0.0000e+00	0.0000e+00
8.8000e+02	1.4400e+02	4.4449e+01	5.2251e+00	0.0000e+00	0.0000e+00
8.9600e+02	1.4400e+02	4.4876e+01	2.9522e+00	0.0000e+00	0.0000e+00
9.1200e+02	1.4400e+02	4.4996e+01	7.6322e-01	0.0000e+00	0.0000e+00
9.2800e+02	1.4400e+02	4.5384e+01	-9.5243e-01	0.0000e+00	0.0000e+00
9.4400e+02	1.4400e+02	4.6160e+01	-2.5670e+00	0.0000e+00	0.0000e+00
9.6000e+02	1.4400e+02	4.6514e+01	-4.0701e+00	0.0000e+00	0.0000e+00
9.7600e+02	1.4400e+02	4.6549e+01	-4.9418e+00	0.0000e+00	0.0000e+00
9.9200e+02	1.4400e+02	4.6254e+01	-4.9325e+00	0.0000e+00	0.0000e+00
1.0080e+03	1.4400e+02	4.6666e+01	-4.8895e+00	0.0000e+00	0.0000e+00
1.0240e+03	1.4400e+02	4.6745e+01	-4.8291e+00	0.0000e+00	0.0000e+00
1.0400e+03	1.4400e+02	4.6282e+01	-4.6758e+00	0.0000e+00	0.0000e+00
1.0560e+03	1.4400e+02	4.6178e+01	-4.1737e+00	0.0000e+00	0.0000e+00
1.0720e+03	1.4400e+02	4.5540e+01	-3.0693e+00	0.0000e+00	0.0000e+00
1.0880e+03	1.4400e+02	4.4696e+01	-1.9499e+00	0.0000e+00	0.0000e+00
1.1040e+03	1.4400e+02	4.4262e+01	-1.4163e+00	0.0000e+00	0.0000e+00
1.1200e+03	1.4400e+02	4.4589e+01	-8.6220e-01	0.0000e+00	0.0000e+00
1.1360e+03	1.4400e+02	4.4470e+01	3.0702e-03	0.0000e+00	0.0000e+00
1.1520e+03	1.4400e+02	4.4293e+01	6.5911e-01	0.0000e+00	0.0000e+00
1.1680e+03	1.4400e+02	4.4861e+01	8.4943e-01	0.0000e+00	0.0000e+00
1.6000e+01	1.2800e+02	2.7479e+01	-3.1148e+00	1.0000e+00	0.0000e+00
3.2000e+01	1.2800e+02	1.6754e+01	-1.7668e+00	0.0000e+00	0.0000e+00
4.8000e+01	1.2800e+02	-2.9927e+00	-5.5682e+00	0.0000e+00	0.0000e+00
6.4000e+01	1.2800e+02	-9.5609e+00	-7.1220e+00	0.0000e+00	0.0000e+00
8.0000e+01	1.2800e+02	-9.6932e+00	-1.7766e+00	0.0000e+00	0.0000e+00
9.6000e+01	1.2800e+02	-6.9793e+00	3.9027e+00	0.0000e+00	0.0000e+00
1.1200e+02	1.2800e+02	-3.5178e+00	1.1742e+01	0.0000e+00	0.0000e+00
1.2800e+02	1.2800e+02	7.3865e-01	1.8424e+01	0.0000e+00	0.0000e+00
1.4400e+02	1.2800e+02	7.4016e+00	2.1401e+01	0.0000e+00	0.0000e+00
1.6000e+02	1.2800e+02	1.4355e+01	1.6526e+01	0.0000e+00	0.0000e+00
1.7600e+02	1.2800e+02	2.4171e+01	2.5746e+00	0.0000e+00	0.0000e+00
1.9200e+02	1.2800e+02	3.4523e+01	-7.2763e+00	0.0000e+00	0.0000e+00
2.0800e+02	1.2800e+02	4.0965e+01	-1.1464e+01	1.0000e+00	0.0000e+00
2.2400e+02	1.2800e+02	4.5277e+01	-2.0734e+01	0.0000e+00	0.0000e+00
2.4000e+02	1.2800e+02	4.6419e+01	-2.3744e+01	0.0000e+00	0.0000e+00
2.5600e+02	1.2800e+02	4.6174e+01	-2.3625e+01	0.0000e+00	0.0000e+00
2.7200e+02	1.2800e+02	4.3906e+01	-2.1868e+01	0.0000e+00	0.0000e+00
2.8800e+02	1.2800e+02	4.1830e+01	-1.9823e+01	0.0000e+00	0.0000e+00
3.0400e+02	1.2800e+02	4.0516e+01	-1.7110e+01	0.0000e+00	0.0000e+00
3.2000e+02	1.2800e+02	4.1856e+01	-1.2794e+01	0.0000e+00	0.0000e+00
3.3600e+02	1.2800e+02	4.3168e+01	-4.6820e+00	0.0000e+00	0.0000e+00
3.5200e+02	1.2800e+02	4.6273e+01	5.3553e+00	0.0000e+00	0.0000e+00
3.6800e+02	1.2800e+02	4.8802e+01	1.3596e+01	0.0000e+00	0.0000e+00
3.8400e+02	1.2800e+02	5.0806e+01	1.8812e+01	0.0000e+00	0.0000e+00
4.0000e+02	1.2800e+02	5.1476e+01	2.2310e+01	0.0000e+00	0.0000e+00
4.1600e+02	1.2800e+02	5.0877e+01	2.2981e+01	0.0000e+00	0.0000e+00
4.3200e+02	1.2800e+02	5.0080e+01	2.1563e+01	1.0000e+00	0.0000e+00
4.4800e+02	1.2800e+02	4.8407e+01	2.2524e+01	0.0000e+00	0.0000e+00
4.6400e+02	1.2800e+02	4.7643e+01	2.0570e+01	0.0000e+00	0.0000e+00
4.8000e+02	1.2800e+02	4.6384e+01	1.7019e+01	0.0000e+00	0.0000e+00
4.9600e+02	1.2800e+02	4.6049e+01	1.1452e+01	0.0000e+00	0.0000e+00
5.1200e+02	1.2800e+02	4.6083e+01	3.6578e+00	0.0000e+00	0.0000e+00
5.2800e+02	1.2800e+02	4.6032e+01	-4.5251e+00	0.0000e+00	0.0000e+00
5.4400e+02	1.2800e+02	4.7023e+01	-1.0439e+01	0.0000e+00	0.0000e+00
5.6000e+02	1.2800e+02	4.6783e+01	-1.5145e+01	0.0000e+00	0.0000e+00
5.7600e+02	1.2800e+02	4.6855e+01	-1.7723e+01	0.0000e+00	0.0000e+00
5.9200e+02	1.2800e+02	4.6955e+01	-1.8267e+01	0.0000e+00	0.0000e+00
6.0800e+02	1.2800e+02	4.6347e+01	-1.8384e+01	0.0000e+00	0.0000e+00
6.2400e+02	1.2800e+02	4.5283e+01	-1.7249e+01	0.0000e+00	0.0000e+00
6.4000e+02	1.2800e+02	4.4314e+01	-1.5648e+01	0.0000e+00	0.0000e+00
6.5600e+02	1.2800e+02	4.3141e+01	-1.4174e+01	0.0000e+00	0.0000e+00
6.7200e+02	1.2800e+02	4.2095e+01	-1.1242e+01	0.0000e+00	0.0000e+00
6.8800e+02	1.2800e+02	4.1592e+01	-7.3368e+00	0.0000e+00	0.0000e+00
7.0400e+02	1.2800e+02	4.1609e+01	-3.7853e+00	0.0000e+00	0.0000e+00
7.2000e+02	1.2800e+02	4.1867e+01	8.7141e-02	0.0000e+00	0.0000e+00
7.3600e+02	1.2800e+02	4.2551e+01	3.1980e+00	0.0000e+00	0.0000e+00
7.5200e+02	1.2800e+02	4.3167e+01	5.9017e+00	0.0000e+00	0.0000e+00
7.6800e+02	1.2800e+02	4.3470e+01	8.2149e+00	0.0000e+00	0.0000e+00
7.8400e+02	1.2800e+02	4.3688e+01	9.4376e+00	0.0000e+00	0.0000e+00
8.0000e+02	1.2800e+02	4.3838e+01	9.7844e+00	0.0000e+00	0.0000e+00
8.1600e+02	1.2800e+02	4.3547e+01	1.0016e+01	0.0000e+00	0.0000e+00
8.3200e+02	1.2800e+02	4.3251e+01	9.1607e+00	0.0000e+00	0.0000e+00
8.4800e+02	1.2800e+02	4.3237e+01	8.0788e+00	0.0000e+00	0.0000e+00
8.6400e+02	1.2800e+02	4.2728e+01	7.0488e+00	0.0000e+00	0.0000e+00
8.8000e+02	1.2800e+02	4.2962e+01	5.3299e+00	0.0000e+00	0.0000e+00
8.9600e+02	1.2800e+02	4.3452e+01	3.0662e+00	0.0000e+00	0.0000e+00
9.1200e+02	1.2800e+02	4.3462e+01	1.1474e+00	0.0000e+00	0.0000e+00
9.2800e+02	1.2800e+02	4.3722e+01	-5.7664e-01	0.0000e+00	0.0000e+00
9.4400e+02	1.2800e+02	4.4086e+01	-2.2246e+00	0.0000e+00	0.0000e+00
9.6000e+02	1.2800e+02	4.4131e+01	-3.7778e+00	0.0000e+00	0.0000e+00
9.7600e+02	1.2800e+02	4.4631e+01	-4.9384e+00	0.0000e+00	0.0000e+00
9.9200e+02	1.2800e+02	4.4980e+01	-5.4630e+00	0.0000e+00	0.0000e+00
1.0080e+03	1.2800e+02	4.5294e+01	-5.5681e+00	0.0000e+00	0.0000e+00
1.0240e+03	1.2800e+02	4.5491e+01	-5.0576e+00	0.0000e+00	0.0000e+00
1.0400e+03	1.2800e+02	4.5271e+01	-4.3428e+00	0.0000e+00	0.0000e+00
1.0560e+03	1.2800e+02	4.4993e+01	-3.8698e+00	0.0000e+00	0.0000e+00
1.0720e+03	1.2800e+02	4.4471e+01	-3.2191e+00	0.0000e+00	0.0000e+00
1.0880e+03	1.2800e+02	4.3897e+01	-2.5156e+00	0.0000e+00	0.0000e+00
1.1040e+03	1.2800e+02	4.3715e+01	-1.7999e+00	0.0000e+00	0.0000e+00
1.1200e+03	1.2800e+02	4.3926e+01	-8.8054e-01	0.0000e+00	0.0000e+00
1.1360e+03	1.2800e+02	4.3625e+01	2.1636e-01	0.0000e+00	0.0000e+00
1.1520e+03	1.2800e+02	4.3804e+01	6.8056e-01	0.0000e+00	0.0000e+00
1.1680e+03	1.2800e+02	4.4397e+01	8.2577e-01	0.0000e+00	0.0000e+00
1.6000e+01	1.1200e+02	2.6861e+01	-4.9499e+00	1.0000e+00	0.0000e+00
3.2000e+01	1.1200e+02	2.8745e+01	-1.8173e+01	0.0000e+00	0.0000e+00
4.8000e+01	1.1200e+02	-4.9239e+00	-8.3901e+00	0.0000e+00	0.0000e+00
6.4000e+01	1.1200e+02	-6.9470e+00	-6.4690e+00	0.0000e+00	0.0000e+00
8.0000e+01	1.1200e+02	-3.7594e+00	7.3777e-02	0.0000e+00	0.0000e+00
9.6000e+01	1.1200e+02	1.7301e+01	7.0620e+00	1.0000e+00	0.0000e+00
1.1200e+02	1.1200e+02	2.0569e+01	1.1888e+01	1.0000e+00	0.0000e+00
1.2800e+02	1.1200e+02	1.4652e+01	2.4291e+01	0.0000e+00	0.0000e+00
1.4400e+02	1.1200e+02	2.5924e+01	1.4854e+01	1.0000e+00	0.0000e+00
1.6000e+02	1.1200e+02	1.1581e+01	2.4174e+01	0.0000e+00	0.0000e+00
1.7600e+02	1.1200e+02	3.0071e+01	6.0217e+00	1.0000e+00	0.0000e+00
1.9200e+02	1.1200e+02	2.1924e+01	7.8938e-02	0.0000e+00	0.0000e+00
2.0800e+02	1.1200e+02	3.0893e+01	-1.0187e+01	0.0000e+00	0.0000e+00
2.2400e+02	1.1200e+02	3.8127e+01	-1.8765e+01	0.0000e+00	0.0000e+00
2.4000e+02	1.1200e+02	3.9912e+01	-2.1991e+01	0.0000e+00	0.0000e+00
2.5600e+02	1.1200e+02	4.1733e+01	-2.3551e+01	0.0000e+00	0.0000e+00
2.7200e+02	1.1200e+02	4.1875e+01	-2.1633e+01	0.0000e+00	0.0000e+00
2.8800e+02	1.1200e+02	4.2034e+01	-1.9854e+01	0.0000e+00	0.0000e+00
3.0400e+02	1.1200e+02	4.2112e+01	-1.7019e+01	0.0000e+00	0.0000e+00
3.2000e+02	1.1200e+02	4.3878e+01	-1.1220e+01	0.0000e+00	0.0000e+00
3.3600e+02	1.1200e+02	4.6789e+01	-1.5778e+00	0.0000e+00	0.0000e+00
3.5200e+02	1.1200e+02	4.9992e+01	7.1674e+00	0.0000e+00	0.0000e+00
3.6800e+02	1.1200e+02	5.2403e+01	1.4533e+01	0.0000e+00	0.0000e+00
3.8400e+02	1.1200e+02	5.3930e+01	2.0026e+01	0.0000e+00	0.0000e+00
4.0000e+02	1.1200e+02	5.3621e+01	2.2305e+01	0.0000e+00	0.0000e+00
4.1600e+02	1.1200e+02	5.2058e+01	2.2294e+01	0.0000e+00	0.0000e+00
4.3200e+02	1.1200e+02	5.0067e+01	2.2205e+01	0.0000e+00	0.0000e+00
4.4800e+02	1.1200e+02	4.8096e+01	2.1556e+01	0.0000e+00	0.0000e+00
4.6400e+02	1.1200e+02	4.6399e+01	1.9778e+01	0.0000e+00	0.0000e+00
4.8000e+02	1.1200e+02	4.4411e+01	1.6007e+01	0.0000e+00	0.0000e+00
4.9600e+02	1.1200e+02	4.3671e+01	1.0503e+01	0.0000e+00	0.0000e+00
5.1200e+02	1.1200e+02	4.3070e+01	3.3123e+00	0.0000e+00	0.0000e+00
5.2800e+02	1.1200e+02	4.3072e+01	-3.3344e+00	0.0000e+00	0.0000e+00
5.4400e+02	1.1200e+02	4.4082e+01	-9.4098e+00	0.0000e+00	0.0000e+00
5.6000e+02	1.1200e+02	4.4275e+01	-1.4712e+01	0.0000e+00	0.0000e+00
5.7600e+02	1.1200e+02	4.4353e+01	-1.7900e+01	0.0000e+00	0.0000e+00
5.9200e+02	1.1200e+02	4.4874e+01	-1.8523e+01	0.0000e+00	0.0000e+00
6.0800e+02	1.1200e+02	4.4686e+01	-1.8928e+01	0.0000e+00	0.0000e+00
6.2400e+02	1.1200e+02	4.4103e+01	-1.8227e+01	0.0000e+00	0.0000e+00
6.4000e+02	1.1200e+02	4.3486e+01	-1.6650e+01	0.0000e+00	0.0000e+00
6.5600e+02	1.1200e+02	4.2630e+01	-1.4444e+01	0.0000e+00	0.0000e+00
6.7200e+02	1.1200e+02	4.2477e+01	-1.1429e+01	0.0000e+00	0.0000e+00
6.8800e+02	1.1200e+02	4.2285e+01	-7.9447e+00	0.0000e+00	0.0000e+00
7.0400e+02	1.1200e+02	4.2406e+01	-4.0660e+00	0.0000e+00	0.0000e+00
7.2000e+02	1.1200e+02	4.2649e+01	4.6308e-01	0.0000e+00	0.0000e+00
7.3600e+02	1.1200e+02	4.3527e+01	3.6251e+00	0.0000e+00	0.0000e+00
7.5200e+02	1.1200e+02	4.4646e+01	6.4129e+00	0.0000e+00	0.0000e+00
7.6800e+02	1.1200e+02	4.5093e+01	8.4646e+00	0.0000e+00	0.0000e+00
7.8400e+02	1.1200e+02	4.5260e+01	9.2945e+00	0.0000e+00	0.0000e+00
8.0000e+02	1.1200e+02	4.5246e+01	9.6034e+00	0.0000e+00	0.0000e+00
8.1600e+02	1.1200e+02	4.4333e+01	9.5799e+00	0.0000e+00	0.0000e+00
8.3200e+02	1.1200e+02	4.3728e+01	9.0312e+00	0.0000e+00	0.0000e+00
8.4800e+02	1.1200e+02	4.3610e+01	7.9752e+00	0.0000e+00	0.0000e+00
8.6400e+02	1.1200e+02	4.3062e+01	6.7092e+00	0.0000e+00	0.0000e+00
8.8000e+02	1.1200e+02	4.2698e+01	5.2841e+00	0.0000e+00	0.0000e+00
8.9600e+02	1.1200e+02	4.2761e+01	3.4423e+00	0.0000e+00	0.0000e+00
9.1200e+02	1.1200e+02	4.2728e+01	1.6122e+00	0.0000e+00	0.0000e+00
9.2800e+02	1.1200e+02	4.2914e+01	-1.7964e-01	0.0000e+00	0.0000e+00
9.4400e+02	1.1200e+02	4.3313e+01	-1.6665e+00	0.0000e+00	0.0000e+00
9.6000e+02	1.1200e+02	4.2900e+01	-3.3319e+00	0.0000e+00	0.0000e+00
9.7600e+02	1.1200e+02	4.3208e+01	-4.5249e+00	0.0000e+00	0.0000e+00
9.9200e+02	1.1200e+02	4.3948e+01	-5.1543e+00	0.0000e+00	0.0000e+00
1.0080e+03	1.1200e+02	4.4203e+01	-5.8232e+00	0.0000e+00	0.0000e+00
1.0240e+03	1.1200e+02	4.4581e+01	-5.3373e+00	0.0000e+00	0.0000e+00
1.0400e+03	1.1200e+02	4.4379e+01	-4.2291e+00	0.0000e+00	0.0000e+00
1.0560e+03	1.1200e+02	4.4188e+01	-3.7018e+00	0.0000e+00	0.0000e+00
1.0720e+03	1.1200e+02	4.4322e+01	-3.3735e+00	0.0000e+00	0.0000e+00
1.0880e+03	1.1200e+02	4.4206e+01	-2.5975e+00	0.0000e+00	0.0000e+00
1.1040e+03	1.1200e+02	4.4443e+01	-1.6716e+00	0.0000e+00	0.0000e+00
1.1200e+03	1.1200e+02	4.4540e+01	-5.5871e-01	0.0000e+00	0.0000e+00
1.1360e+03	1.1200e+02	4.4310e+01	4.7845e-01	0.0000e+00	0.0000e+00
1.1520e+03	1.1200e+02	4.4393e+01	6.4452e-01	0.0000e+00	0.0000e+00
1.1680e+03	1.1200e+02	4.4747e+01	7.6220e-01	0.0000e+00	0.0000e+00
1.6000e+01	9.6000e+01	3.6452e+01	-5.9282e+00	1.0000e+00	0.0000e+00
3.2000e+01	9.6000e+01	2.4240e+01	-4.1359e+00	0.0000e+00	0.0000e+00
4.8000e+01	9.6000e+01	1.0413e+01	-6.0389e+00	0.0000e+00	0.0000e+00
6.4000e+01	9.6000e+01	1.3895e+01	-5.7170e+00	0.0000e+00	0.0000e+00
8.0000e+01	9.6000e+01	2.0071e+01	-7.3925e-03	0.0000e+00	0.0000e+00
9.6000e+01	9.6000e+01	2.9125e+01	8.2943e+00	1.0000e+00	0.0000e+00
1.1200e+02	9.6000e+01	3.1004e+01	1.2962e+01	1.0000e+00	0.0000e+00
1.2800e+02	9.6000e+01	3.0532e+01	2.3808e+01	0.0000e+00	0.0000e+00
1.4400e+02	9.6000e+01	3.0959e+01	2.5497e+01	0.0000e+00	0.0000e+00
1.6000e+02	9.6000e+01	3.1437e+01	1.3201e+01	1.0000e+00	0.0000e+00
1.7600e+02	9.6000e+01	2.4316e+01	1.8759e+01	0.0000e+00	0.0000e+00
1.9200e+02	9.6000e+01	2.3863e+01	5.1220e+00	0.0000e+00	0.0000e+00
2.0800e+02	9.6000e+01	2.3473e+01	-3.6437e+00	0.0000e+00	0.0000e+00
2.2400e+02	9.6000e+01	3.1052e+01	-1.2647e+01	0.0000e+00	0.0000e+00
2.4000e+02	9.6000e+01	3.7226e+01	-1.8271e+01	0.0000e+00	0.0000e+00
2.5600e+02	9.6000e+01	3.8372e+01	-2.1042e+01	0.0000e+00	0.0000e+00
2.7200e+02	9.6000e+01	4.0993e+01	-2.1449e+01	0.0000e+00	0.0000e+00
2.8800e+02	9.6000e+01	4.3716e+01	-1.9115e+01	0.0000e+00	0.0000e+00
3.0400e+02	9.6000e+01	4.5707e+01	-1.4558e+01	0.0000e+00	0.0000e+00
3.2000e+02	9.6000e+01	4.9020e+01	-7.6717e+00	0.0000e+00	0.0000e+00
3.3600e+02	9.6000e+01	5.2519e+01	2.0280e+00	0.0000e+00	0.0000e+00
3.5200e+02	9.6000e+01	5.5208e+01	1.0587e+01	0.0000e+00	0.0000e+00
3.6800e+02	9.6000e+01	5.6793e+01	1.6834e+01	0.0000e+00	0.0000e+00
3.8400e+02	9.6000e+01	5.7123e+01	1.9674e+01	0.0000e+00	0.0000e+00
4.0000e+02	9.6000e+01	5.5458e+01	2.0638e+01	0.0000e+00	0.0000e+00
4.1600e+02	9.6000e+01	5.3361e+01	2.0302e+01	0.0000e+00	0.0000e+00
4.3200e+02	9.6000e+01	5.0926e+01	1.9976e+01	0.0000e+00	0.0000e+00
4.4800e+02	9.6000e+01	4.8367e+01	1.8628e+01	0.0000e+00	0.0000e+00
4.6400e+02	9.6000e+01	4.5959e+01	1.7177e+01	0.0000e+00	0.0000e+00
4.8000e+02	9.6000e+01	4.3837e+01	1.4196e+01	0.0000e+00	0.0000e+00
4.9600e+02	9.6000e+01	4.2299e+01	9.6306e+00	0.0000e+00	0.0000e+00
5.1200e+02	9.6000e+01	4.1503e+01	3.4861e+00	0.0000e+00	0.0000e+00
5.2800e+02	9.6000e+01	4.1255e+01	-3.0072e+00	0.0000e+00	0.0000e+00
5.4400e+02	9.6000e+01	4.1947e+01	-9.0554e+00	0.0000e+00	0.0000e+00
5.6000e+02	9.6000e+01	4.2524e+01	-1.3899e+01	0.0000e+00	0.0000e+00
5.7600e+02	9.6000e+01	4.2855e+01	-1.7228e+01	0.0000e+00	0.0000e+00
5.9200e+02	9.6000e+01	4.3722e+01	-1.7977e+01	0.0000e+00	0.0000e+00
6.0800e+02	9.6000e+01	4.4224e+01	-1.8570e+01	0.0000e+00	0.0000e+00
6.2400e+02	9.6000e+01	4.3998e+01	-1.8402e+01	0.0000e+00	0.0000e+00
6.4000e+02	9.6000e+01	4.3625e+01	-1.7453e+01	0.0000e+00	0.0000e+00
6.5600e+02	9.6000e+01	4.2773e+01	-1.5240e+01	0.0000e+00	0.0000e+00
6.7200e+02	9.6000e+01	4.3220e+01	-1.1678e+01	0.0000e+00	0.0000e+00
6.8800e+02	9.6000e+01	4.3779e+01	-7.9170e+00	0.0000e+00	0.0000e+00
7.0400e+02	9.6000e+01	4.4316e+01	-3.6488e+00	0.0000e+00	0.0000e+00
7.2000e+02	9.6000e+01	4.4781e+01	8.0902e-01	0.0000e+00	0.0000e+00
7.3600e+02	9.6000e+01	4.5410e+01	4.4791e+00	0.0000e+00	0.0000e+00
7.5200e+02	9.6000e+01	4.6096e+01	7.0266e+00	0.0000e+00	0.0000e+00
7.6800e+02	9.6000e+01	4.6587e+01	8.5304e+00	0.0000e+00	0.0000e+00
7.8400e+02	9.6000e+01	4.6802e+01	9.2503e+00	0.0000e+00	0.0000e+00
8.0000e+02	9.6000e+01	4.6630e+01	9.4556e+00	0.0000e+00	0.0000e+00
8.1600e+02	9.6000e+01	4.5910e+01	9.1868e+00	0.0000e+00	0.0000e+00
8.3200e+02	9.6000e+01	4.5275e+01	8.5728e+00	0.0000e+00	0.0000e+00
8.4800e+02	9.6000e+01	4.5054e+01	7.3387e+00	0.0000e+00	0.0000e+00
8.6400e+02	9.6000e+01	4.4604e+01	5.7809e+00	0.0000e+00	0.0000e+00
8.8000e+02	9.6000e+01	4.4089e+01	4.5721e+00	0.0000e+00	0.0000e+00
8.9600e+02	9.6000e+01	4.3460e+01	3.2578e+00	0.0000e+00	0.0000e+00
9.1200e+02	9.6000e+01	4.2826e+01	1.4403e+00	0.0000e+00	0.0000e+00
9.2800e+02	9.6000e+01	4.3025e+01	-1.3633e-01	0.0000e+00	0.0000e+00
9.4400e+02	9.6000e+01	4.3440e+01	-1.6020e+00	0.0000e+00	0.0000e+00
9.6000e+02	9.6000e+01	4.3403e+01	-3.3232e+00	0.0000e+00	0.0000e+00
9.7600e+02	9.6000e+01	4.3320e+01	-4.2781e+00	0.0000e+00	0.0000e+00
9.9200e+02	9.6000e+01	4.3857e+01	-5.0144e+00	0.0000e+00	0.0000e+00
1.0080e+03	9.6000e+01	4.4371e+01	-5.4224e+00	0.0000e+00	0.0000e+00
1.0240e+03	9.6000e+01	4.4556e+01	-5.2253e+00	0.0000e+00	0.0000e+00
1.0400e+03	9.6000e+01	4.4364e+01	-4.5895e+00	0.0000e+00	0.0000e+00
1.0560e+03	9.6000e+01	4.4745e+01	-3.7498e+00	0.0000e+00	0.0000e+00
1.0720e+03	9.6000e+01	4.4967e+01	-3.2382e+00	0.0000e+00	0.0000e+00
1.0880e+03	9.6000e+01	4.4983e+01	-2.2208e+00	0.0000e+00	0.0000e+00
1.1040e+03	9.6000e+01	4.5393e+01	-1.1081e+00	0.0000e+00	0.0000e+00
1.1200e+03	9.6000e+01	4.5839e+01	-3.2151e-01	0.0000e+00	0.0000e+00
1.1360e+03	9.6000e+01	4.6046e+01	3.3739e-01	0.0000e+00	0.0000e+00
1.1520e+03	9.6000e+01	4.6047e+01	9.1225e-01	0.0000e+00	0.0000e+00
1.1680e+03	9.6000e+01	4.6343e+01	1.3259e+00	0.0000e+00	0.0000e+00
1.6000e+01	8.0000e+01	6.4781e+01	-5.6277e+00	0.0000e+00	0.0000e+00
3.2000e+01	8.0000e+01	5.4405e+01	-4.6099e+00	0.0000e+00	0.0000e+00
4.8000e+01	8.0000e+01	4.5968e+01	-3.6098e+00	0.0000e+00	0.0000e+00
6.4000e+01	8.0000e+01	4.9205e+01	-4.9430e-01	0.0000e+00	0.0000e+00
8.0000e+01	8.0000e+01	5.3680e+01	5.7391e+00	0.0000e+00	0.0000e+00
9.6000e+01	8.0000e+01	5.1729e+01	1.3260e+01	0.0000e+00	0.0000e+00
1.1200e+02	8.0000e+01	5.2721e+01	1.8473e+01	0.0000e+00	0.0000e+00
1.2800e+02	8.0000e+01	5.3448e+01	2.1049e+01	0.0000e+00	0.0000e+00
1.4400e+02	8.0000e+01	4.6730e+01	2.0999e+01	0.0000e+00	0.0000e+00
1.6000e+02	8.0000e+01	4.0348e+01	1.7006e+01	0.0000e+00	0.0000e+00
1.7600e+02	8.0000e+01	3.7227e+01	9.7496e+00	0.0000e+00	0.0000e+00
1.9200e+02	8.0000e+01	3.3157e+01	4.3763e+00	0.0000e+00	0.0000e+00
2.0800e+02	8.0000e+01	2.7063e+01	-2.0729e+00	0.0000e+00	0.0000e+00
2.2400e+02	8.0000e+01	3.0272e+01	-8.6758e+00	0.0000e+00	0.0000e+00
2.4000e+02	8.0000e+01	3.5838e+01	-1.4255e+01	0.0000e+00	0.0000e+00
2.5600e+02	8.0000e+01	4.3646e+01	-1.4486e+01	1.0000e+00	0.0000e+00
2.7200e+02	8.0000e+01	4.2600e+01	-1.8837e+01	0.0000e+00	0.0000e+00
2.8800e+02	8.0000e+01	4.5948e+01	-1.7257e+01	0.0000e+00	0.0000e+00
3.0400e+02	8.0000e+01	5.0555e+01	-1.2328e+01	0.0000e+00	0.0000e+00
3.2000e+02	8.0000e+01	5.5061e+01	-3.8379e+00	0.0000e+00	0.0000e+00
3.3600e+02	8.0000e+01	5.7721e+01	5.4660e+00	0.0000e+00	0.0000e+00
3.5200e+02	8.0000e+01	6.0435e+01	1.2867e+01	0.0000e+00	0.0000e+00
3.6800e+02	8.0000e+01	6.0859e+01	1.6794e+01	0.0000e+00	0.0000e+00
3.8400e+02	8.0000e+01	5.9631e+01	1.7892e+01	0.0000e+00	0.0000e+00
4.0000e+02	8.0000e+01	5.7075e+01	1.8258e+01	0.0000e+00	0.0000e+00
4.1600e+02	8.0000e+01	5.4615e+01	1.7811e+01	0.0000e+00	0.0000e+00
4.3200e+02	8.0000e+01	5.2062e+01	1.7283e+01	0.0000e+00	0.0000e+00
4.4800e+02	8.0000e+01	4.9133e+01	1.6430e+01	0.0000e+00	0.0000e+00
4.6400e+02	8.0000e+01	4.6194e+01	1.4915e+01	0.0000e+00	0.0000e+00
4.8000e+02	8.0000e+01	4.3875e+01	1.1988e+01	0.0000e+00	0.0000e+00
4.9600e+02	8.0000e+01	4.1986e+01	8.0076e+00	0.0000e+00	0.0000e+00
5.1200e+02	8.0000e+01	4.1130e+01	2.9701e+00	0.0000e+00	0.0000e+00
5.2800e+02	8.0000e+01	4.0439e+01	-3.4424e+00	0.0000e+00	0.0000e+00
5.4400e+02	8.0000e+01	4.0748e+01	-8.9211e+00	0.0000e+00	0.0000e+00
5.6000e+02	8.0000e+01	4.1616e+01	-1.3073e+01	0.0000e+00	0.0000e+00
5.7600e+02	8.0000e+01	4.2365e+01	-1.6141e+01	0.0000e+00	0.0000e+00
5.9200e+02	8.0000e+01	4.3533e+01	-1.7698e+01	0.0000e+00	0.0000e+00
6.0800e+02	8.0000e+01	4.4532e+01	-1.8445e+01	0.0000e+00	0.0000e+00
6.2400e+02	8.0000e+01	4.4595e+01	-1.8502e+01	0.0000e+00	0.0000e+00
6.4000e+02	8.0000e+01	4.4641e+01	-1.7487e+01	0.0000e+00	0.0000e+00
6.5600e+02	8.0000e+01	4.4520e+01	-1.5025e+01	0.0000e+00	0.0000e+00
6.7200e+02	8.0000e+01	4.4806e+01	-1.1594e+01	0.0000e+00	0.0000e+00
6.8800e+02	8.0000e+01	4.5664e+01	-7.2267e+00	0.0000e+00	0.0000e+00
7.0400e+02	8.0000e+01	4.6579e+01	-2.6255e+00	0.0000e+00	0.0000e+00
7.2000e+02	8.0000e+01	4.7181e+01	1.3402e+00	0.0000e+00	0.0000e+00
7.3600e+02	8.0000e+01	4.7679e+01	4.7412e+00	0.0000e+00	0.0000e+00
7.5200e+02	8.0000e+01	4.8203e+01	7.0863e+00	0.0000e+00	0.0000e+00
7.6800e+02	8.0000e+01	4.8478e+01	8.4847e+00	0.0000e+00	0.0000e+00
7.8400e+02	8.0000e+01	4.8593e+01	9.3331e+00	0.0000e+00	0.0000e+00
8.0000e+02	8.0000e+01	4.8362e+01	9.2668e+00	0.0000e+00	0.0000e+00
8.1600e+02	8.0000e+01	4.7844e+01	8.5434e+00	0.0000e+00	0.0000e+00
8.3200e+02	8.0000e+01	4.7329e+01	7.7317e+00	0.0000e+00	0.0000e+00
8.4800e+02	8.0000e+01	4.7168e+01	6.6962e+00	0.0000e+00	0.0000e+00
8.6400e+02	8.0000e+01	4.6561e+01	5.0401e+00	0.0000e+00	0.0000e+00
8.8000e+02	8.0000e+01	4.5853e+01	3.6645e+00	0.0000e+00	0.0000e+00
8.9600e+02	8.0000e+01	4.4737e+01	2.7085e+00	0.0000e+00	0.0000e+00
9.1200e+02	8.0000e+01	4.4193e+01	9.3893e-01	0.0000e+00	0.0000e+00
9.2800e+02	8.0000e+01	4.3997e+01	-5.8715e-01	0.0000e+00	0.0000e+00
9.4400e+02	8.0000e+01	4.3963e+01	-1.6744e+00	0.0000e+00	0.0000e+00
9.6000e+02	8.0000e+01	4.4360e+01	-3.0617e+00	0.0000e+00	0.0000e+00
9.7600e+02	8.0000e+01	4.4559e+01	-4.3328e+00	0.0000e+00	0.0000e+00
9.9200e+02	8.0000e+01	4.4811e+01	-4.5731e+00	0.0000e+00	0.0000e+00
1.0080e+03	8.0000e+01	4.5286e+01	-4.7752e+00	0.0000e+00	0.0000e+00
1.0240e+03	8.0000e+01	4.5470e+01	-5.2217e+00	0.0000e+00	0.0000e+00
1.0400e+03	8.0000e+01	4.5742e+01	-4.8866e+00	0.0000e+00	0.0000e+00
1.0560e+03	8.0000e+01	4.6000e+01	-4.1330e+00	0.0000e+00	0.0000e+00
1.0720e+03	8.0000e+01	4.6441e+01	-3.6059e+00	0.0000e+00	0.0000e+00
1.0880e+03	8.0000e+01	4.6892e+01	-2.2052e+00	0.0000e+00	0.0000e+00
1.1040e+03	8.0000e+01	4.7049e+01	-9.5498e-01	0.0000e+00	0.0000e+00
1.1200e+03	8.0000e+01	4.7572e+01	-2.9011e-01	0.0000e+00	0.0000e+00
1.1360e+03	8.0000e+01	4.7925e+01	5.7077e-01	0.0000e+00	0.0000e+00
1.1520e+03	8.0000e+01	4.8139e+01	1.0498e+00	0.0000e+00	0.0000e+00
1.1680e+03	8.0000e+01	4.8485e+01	1.2117e+00	0.0000e+00	0.0000e+00
1.6000e+01	6.4000e+01	7.5724e+01	-8.0051e+00	0.0000e+00	0.0000e+00
3.2000e+01	6.4000e+01	7.3599e+01	-6.0462e+00	0.0000e+00	0.0000e+00
4.8000e+01	6.4000e+01	7.0896e+01	-2.3931e+00	0.0000e+00	0.0000e+00
6.4000e+01	6.4000e+01	7.0551e+01	7.3745e-01	0.0000e+00	0.0000e+00
8.0000e+01	6.4000e+01	7.1069e+01	6.0844e+00	0.0000e+00	0.0000e+00
9.6000e+01	6.4000e+01	6.5537e+01	1.1889e+01	0.0000e+00	0.0000e+00
1.1200e+02	6.4000e+01	6.4936e+01	1.4061e+01	0.0000e+00	0.0000e+00
1.2800e+02	6.4000e+01	5.8583e+01	1.5334e+01	0.0000e+00	0.0000e+00
1.4400e+02	6.4000e+01	5.3662e+01	1.3813e+01	0.0000e+00	0.0000e+00
1.6000e+02	6.4000e+01	4.9807e+01	9.0024e+00	0.0000e+00	0.0000e+00
1.7600e+02	6.4000e+01	4.5163e+01	6.6780e+00	0.0000e+00	0.0000e+00
1.9200e+02	6.4000e+01	4.1944e+01	3.2759e+00	0.0000e+00	0.0000e+00
2.0800e+02	6.4000e+01	4.0526e+01	-2.1118e+00	0.0000e+00	0.0000e+00
2.2400e+02	6.4000e+01	3.8941e+01	-7.0990e+00	0.0000e+00	0.0000e+00
2.4000e+02	6.4000e+01	4.4629e+01	-9.6492e+00	1.0000e+00	0.0000e+00
2.5600e+02	6.4000e+01	4.3745e+01	-1.2459e+01	0.0000e+00	0.0000e+00
2.7200e+02	6.4000e+01	4.6973e+01	-1.3264e+01	0.0000e+00	0.0000e+00
2.8800e+02	6.4000e+01	5.1914e+01	-1.1190e+01	0.0000e+00	0.0000e+00
3.0400e+02	6.4000e+01	5.7103e+01	-6.5196e+00	0.0000e+00	0.0000e+00
3.2000e+02	6.4000e+01	6.0916e+01	2.6622e-01	0.0000e+00	0.0000e+00
3.3600e+02	6.4000e+01	6.3288e+01	7.7011e+00	0.0000e+00	0.0000e+00
3.5200e+02	6.4000e+01	6.1322e+01	8.9185e+00	1.0000e+00	0.0000e+00
3.6800e+02	6.4000e+01	6.3642e+01	1.6726e+01	0.0000e+00	0.0000e+00
3.8400e+02	6.4000e+01	6.0562e+01	1.6122e+01	0.0000e+00	0.0000e+00
4.0000e+02	6.4000e+01	5.8520e+01	1.6343e+01	0.0000e+00	0.0000e+00
4.1600e+02	6.4000e+01	5.5437e+01	1.5463e+01	0.0000e+00	0.0000e+00
4.3200e+02	6.4000e+01	5.2821e+01	1.4603e+01	0.0000e+00	0.0000e+00
4.4800e+02	6.4000e+01	5.0027e+01	1.3638e+01	0.0000e+00	0.0000e+00
4.6400e+02	6.4000e+01	4.6962e+01	1.2269e+01	0.0000e+00	0.0000e+00
4.8000e+02	6.4000e+01	4.4402e+01	1.0265e+01	0.0000e+00	0.0000e+00
4.9600e+02	6.4000e+01	4.2382e+01	7.0494e+00	0.0000e+00	0.0000e+00
5.1200e+02	6.4000e+01	4.1398e+01	2.1506e+00	0.0000e+00	0.0000e+00
5.2800e+02	6.4000e+01	4.0945e+01	-3.7496e+00	0.0000e+00	0.0000e+00
5.4400e+02	6.4000e+01	4.1169e+01	-8.7777e+00	0.0000e+00	0.0000e+00
5.6000e+02	6.4000e+01	4.1881e+01	-1.2233e+01	0.0000e+00	0.0000e+00
5.7600e+02	6.4000e+01	4.2670e+01	-1.4929e+01	0.0000e+00	0.0000e+00
5.9200e+02	6.4000e+01	4.3615e+01	-1.7167e+01	0.0000e+00	0.0000e+00
6.0800e+02	6.4000e+01	4.4826e+01	-1.7540e+01	0.0000e+00	0.0000e+00
6.2400e+02	6.4000e+01	4.5554e+01	-1.7763e+01	0.0000e+00	0.0000e+00
6.4000e+02	6.4000e+01	4.6054e+01	-1.6545e+01	0.0000e+00	0.0000e+00
6.5600e+02	6.4000e+01	4.6762e+01	-1.3940e+01	0.0000e+00	0.0000e+00
6.7200e+02	6.4000e+01	4.7179e+01	-1.0627e+01	0.0000e+00	0.0000e+00
6.8800e+02	6.4000e+01	4.8326e+01	-6.4578e+00	0.0000e+00	0.0000e+00
7.0400e+02	6.4000e+01	4.9359e+01	-2.0313e+00	0.0000e+00	0.0000e+00
7.2000e+02	6.4000e+01	4.9814e+01	2.0041e+00	0.0000e+00	0.0000e+00
7.3600e+02	6.4000e+01	5.0249e+01	5.2919e+00	0.0000e+00	0.0000e+00
7.5200e+02	6.4000e+01	5.0938e+01	7.6026e+00	0.0000e+00	0.0000e+00
7.6800e+02	6.4000e+01	5.1075e+01	8.8241e+00	0.0000e+00	0.0000e+00
7.8400e+02	6.4000e+01	5.1055e+01	9.4084e+00	0.0000e+00	0.0000e+00
8.0000e+02	6.4000e+01	5.0527e+01	9.1406e+00	0.0000e+00	0.0000e+00
8.1600e+02	6.4000e+01	4.9983e+01	7.9770e+00	1.0000e+00	0.0000e+00
8.3200e+02	6.4000e+01	4.9660e+01	7.3832e+00	0.0000e+00	0.0000e+00
8.4800e+02	6.4000e+01	4.9216e+01	5.9079e+00	0.0000e+00	0.0000e+00
8.6400e+02	6.4000e+01	4.8450e+01	4.4306e+00	0.0000e+00	0.0000e+00
8.8000e+02	6.4000e+01	4.7502e+01	3.4153e+00	0.0000e+00	0.0000e+00
8.9600e+02	6.4000e+01	4.6472e+01	2.2332e+00	0.0000e+00	0.0000e+00
9.1200e+02	6.4000e+01	4.6220e+01	6.5084e-01	0.0000e+00	0.0000e+00
9.2800e+02	6.4000e+01	4.5954e+01	-4.9237e-01	0.0000e+00	0.0000e+00
9.4400e+02	6.4000e+01	4.5771e+01	-1.6187e+00	0.0000e+00	0.0000e+00
9.6000e+02	6.4000e+01	4.6038e+01	-3.0202e+00	0.0000e+00	0.0000e+00
9.7600e+02	6.4000e+01	4.6018e+01	-3.9648e+00	0.0000e+00	0.0000e+00
9.9200e+02	6.4000e+01	4.6017e+01	-4.2926e+00	0.0000e+00	0.0000e+00
1.0080e+03	6.4000e+01	4.6249e+01	-4.4437e+00	0.0000e+00	0.0000e+00
1.0240e+03	6.4000e+01	4.6625e+01	-4.4086e+00	0.0000e+00	0.0000e+00
1.0400e+03	6.4000e+01	4.7215e+01	-3.9168e+00	0.0000e+00	0.0000e+00
1.0560e+03	6.4000e+01	4.7544e+01	-3.1922e+00	0.0000e+00	0.0000e+00
1.0720e+03	6.4000e+01	4.8487e+01	-2.6630e+00	0.0000e+00	0.0000e+00
1.0880e+03	6.4000e+01	4.9131e+01	-1.6703e+00	0.0000e+00	0.0000e+00
1.1040e+03	6.4000e+01	4.9449e+01	-5.9458e-01	0.0000e+00	0.0000e+00
1.1200e+03	6.4000e+01	4.9720e+01	-2.8227e-02	0.0000e+00	0.0000e+00
1.1360e+03	6.4000e+01	4.9984e+01	7.4692e-01	0.0000e+00	0.0000e+00
1.1520e+03	6.4000e+01	5.0131e+01	1.2632e+00	0.0000e+00	0.0000e+00
1.1680e+03	6.4000e+01	5.0582e+01	1.6378e+00	0.0000e+00	0.0000e+00
1.6000e+01	4.8000e+01	7.6400e+01	-6.9336e+00	0.0000e+00	0.0000e+00
3.2000e+01	4.8000e+01	7.6400e+01	-5.9117e+00	0.0000e+00	0.0000e+00
4.8000e+01	4.8000e+01	7.4185e+01	-3.3975e+00	0.0000e+00	0.0000e+00
6.4000e+01	4.8000e+01	7.4492e+01	9.9912e-01	0.0000e+00	0.0000e+00
8.0000e+01	4.8000e+01	7.4759e+01	4.7188e+00	0.0000e+00	0.0000e+00
9.6000e+01	4.8000e+01	7.0686e+01	8.6039e+00	0.0000e+00	0.0000e+00
1.1200e+02	4.8000e+01	6.9517e+01	1.0642e+01	0.0000e+00	0.0000e+00
1.2800e+02	4.8000e+01	6.1517e+01	1.0732e+01	0.0000e+00	0.0000e+00
1.4400e+02	4.8000e+01	5.8027e+01	1.0564e+01	0.0000e+00	0.0000e+00
1.6000e+02	4.8000e+01	5.4166e+01	9.1542e+00	0.0000e+00	0.0000e+00
1.7600e+02	4.8000e+01	5.2173e+01	5.3283e+00	0.0000e+00	0.0000e+00
1.9200e+02	4.8000e+01	5.0264e+01	1.0406e+00	0.0000e+00	0.0000e+00
2.0800e+02	4.8000e+01	4.9755e+01	-2.3112e+00	0.0000e+00	0.0000e+00
2.2400e+02	4.8000e+01	4.8444e+01	-5.0013e+00	1.0000e+00	0.0000e+00
2.4000e+02	4.8000e+01	5.0946e+01	-7.7250e+00	0.0000e+00	0.0000e+00
2.5600e+02	4.8000e+01	5.2640e+01	-8.3635e+00	0.0000e+00	0.0000e+00
2.7200e+02	4.8000e+01	5.7287e+01	-8.0866e+00	0.0000e+00	0.0000e+00
2.8800e+02	4.8000e+01	6.2292e+01	-7.4771e+00	0.0000e+00	0.0000e+00
3.0400e+02	4.8000e+01	6.4862e+01	-3.6927e+00	0.0000e+00	0.0000e+00
3.2000e+02	4.8000e+01	6.6605e+01	1.8580e+00	0.0000e+00	0.0000e+00
3.3600e+02	4.8000e+01	6.9316e+01	6.0874e+00	0.0000e+00	0.0000e+00
3.5200e+02	4.8000e+01	6.7232e+01	1.0015e+01	0.0000e+00	0.0000e+00
3.6800e+02	4.8000e+01	6.5752e+01	1.2082e+01	0.0000e+00	0.0000e+00
3.8400e+02	4.8000e+01	6.1790e+01	1.3614e+01	0.0000e+00	0.0000e+00
4.0000e+02	4.8000e+01	5.9503e+01	1.3683e+01	0.0000e+00	0.0000e+00
4.1600e+02	4.8000e+01	5.6618e+01	1.3043e+01	0.0000e+00	0.0000e+00
4.3200e+02	4.8000e+01	5.4031e+01	1.2224e+01	0.0000e+00	0.0000e+00
4.4800e+02	4.8000e+01	5.1170e+01	1.0833e+01	0.0000e+00	0.0000e+00
4.6400e+02	4.8000e+01	4.9000e+01	9.0300e+00	0.0000e+00	0.0000e+00
4.8000e+02	4.8000e+01	4.6258e+01	7.5968e+00	0.0000e+00	0.0000e+00
4.9600e+02	4.8000e+01	4.4218e+01	5.1467e+00	0.0000e+00	0.0000e+00
5.1200e+02	4.8000e+01	4.2603e+01	1.1996e+00	0.0000e+00	0.0000e+00
5.2800e+02	4.8000e+01	4.2109e+01	-3.3323e+00	0.0000e+00	0.0000e+00
5.4400e+02	4.8000e+01	4.2311e+01	-7.7778e+00	0.0000e+00	0.0000e+00
5.6000e+02	4.8000e+01	4.2712e+01	-1.1481e+01	0.0000e+00	0.0000e+00
5.7600e+02	4.8000e+01	4.3378e+01	-1.4070e+01	0.0000e+00	0.0000e+00
5.9200e+02	4.8000e+01	4.4634e+01	-1.6301e+01	0.0000e+00	0.0000e+00
6.0800e+02	4.8000e+01	4.6494e+01	-1.7919e+01	0.0000e+00	0.0000e+00
6.2400e+02	4.8000e+01	4.7379e+01	-1.7862e+01	0.0000e+00	0.0000e+00
6.4000e+02	4.8000e+01	4.8442e+01	-1.6511e+01	0.0000e+00	0.0000e+00
6.5600e+02	4.8000e+01	4.9776e+01	-1.3410e+01	0.0000e+00	0.0000e+00
6.7200e+02	4.8000e+01	5.0514e+01	-9.5635e+00	0.0000e+00	0.0000e+00
6.8800e+02	4.8000e+01	5.1709e+01	-5.8451e+00	0.0000e+00	0.0000e+00
7.0400e+02	4.8000e+01	5.3022e+01	-1.6030e+00	0.0000e+00	0.0000e+00
7.2000e+02	4.8000e+01	5.3088e+01	2.3763e+00	0.0000e+00	0.0000e+00
7.3600e+02	4.8000e+01	5.3771e+01	5.3734e+00	0.0000e+00	0.0000e+00
7.5200e+02	4.8000e+01	5.4506e+01	7.1807e+00	0.0000e+00	0.0000e+00
7.6800e+02	4.8000e+01	5.3390e+01	8.8716e+00	0.0000e+00	0.0000e+00
7.8400e+02	4.8000e+01	5.3858e+01	9.2303e+00	0.0000e+00	0.0000e+00
8.0000e+02	4.8000e+01	5.2902e+01	8.3020e+00	0.0000e+00	0.0000e+00
8.1600e+02	4.8000e+01	5.1918e+01	7.6480e+00	1.0000e+00	0.0000e+00
8.3200e+02	4.8000e+01	5.1964e+01	6.9938e+00	0.0000e+00	0.0000e+00
8.4800e+02	4.8000e+01	5.1323e+01	5.4015e+00	0.0000e+00	0.0000e+00
8.6400e+02	4.8000e+01	5.0645e+01	3.7989e+00	0.0000e+00	0.0000e+00
8.8000e+02	4.8000e+01	4.9757e+01	2.6317e+00	0.0000e+00	0.0000e+00
8.9600e+02	4.8000e+01	4.9199e+01	1.6021e+00	1.0000e+00	0.0000e+00
9.1200e+02	4.8000e+01	4.8735e+01	6.5164e-01	0.0000e+00	0.0000e+00
9.2800e+02	4.8000e+01	4.8326e+01	-4.4646e-01	0.0000e+00	0.0000e+00
9.4400e+02	4.8000e+01	4.7918e+01	-1.9628e+00	0.0000e+00	0.0000e+00
9.6000e+02	4.8000e+01	4.8358e+01	-3.3123e+00	0.0000e+00	0.0000e+00
9.7600e+02	4.8000e+01	4.8182e+01	-3.8924e+00	0.0000e+00	0.0000e+00
9.9200e+02	4.8000e+01	4.8251e+01	-4.1234e+00	0.0000e+00	0.0000e+00
1.0080e+03	4.8000e+01	4.8853e+01	-3.5781e+00	0.0000e+00	0.0000e+00
1.0240e+03	4.8000e+01	4.9438e+01	-3.6305e+00	1.0000e+00	0.0000e+00
1.0400e+03	4.8000e+01	5.0412e+01	-3.5678e+00	0.0000e+00	0.0000e+00
1.0560e+03	4.8000e+01	5.0608e+01	-2.5894e+00	0.0000e+00	0.0000e+00
1.0720e+03	4.8000e+01	5.0845e+01	-1.6391e+00	0.0000e+00	0.0000e+00
1.0880e+03	4.8000e+01	5.1513e+01	-1.1855e+00	1.0000e+00	0.0000e+00
1.1040e+03	4.8000e+01	5.2159e+01	2.7598e-02	0.0000e+00	0.0000e+00
1.1200e+03	4.8000e+01	5.1815e+01	1.3994e-01	0.0000e+00	0.0000e+00
1.1360e+03	4.8000e+01	5.1658e+01	6.0246e-01	0.0000e+00	0.0000e+00
1.1520e+03	4.8000e+01	5.1895e+01	1.7151e+00	0.0000e+00	0.0000e+00
1.1680e+03	4.8000e+01	5.2955e+01	1.9762e+00	0.0000e+00	0.0000e+00
1.6000e+01	3.2000e+01	7.3430e+01	-6.9147e+00	0.0000e+00	0.0000e+00
3.2000e+01	3.2000e+01	7.2257e+01	-4.6813e+00	0.0000e+00	0.0000e+00
4.8000e+01	3.2000e+01	7.1403e+01	-1.4544e+00	0.0000e+00	0.0000e+00
6.4000e+01	3.2000e+01	7.0688e+01	1.5172e+00	0.0000e+00	0.0000e+00
8.0000e+01	3.2000e+01	7.0167e+01	4.1247e+00	0.0000e+00	0.0000e+00
9.6000e+01	3.2000e+01	6.9487e+01	6.0621e+00	0.0000e+00	0.0000e+00
1.1200e+02	3.2000e+01	6.6522e+01	7.6011e+00	0.0000e+00	0.0000e+00
1.2800e+02	3.2000e+01	6.2211e+01	8.2124e+00	0.0000e+00	0.0000e+00
1.4400e+02	3.2000e+01	5.9226e+01	8.9040e+00	0.0000e+00	0.0000e+00
1.6000e+02	3.2000e+01	5.6859e+01	5.9125e+00	0.0000e+00	0.0000e+00
1.7600e+02	3.2000e+01	5.5121e+01	4.1405e+00	0.0000e+00	0.0000e+00
1.9200e+02	3.2000e+01	5.5448e+01	1.3883e+00	0.0000e+00	0.0000e+00
2.0800e+02	3.2000e+01	5.3087e+01	-2.1189e+00	0.0000e+00	0.0000e+00
2.2400e+02	3.2000e+01	5.5934e+01	-5.5626e+00	0.0000e+00	0.0000e+00
2.4000e+02	3.2000e+01	5.8229e+01	-7.4200e+00	0.0000e+00	0.0000e+00
2.5600e+02	3.2000e+01	6.1095e+01	-7.9093e+00	0.0000e+00	0.0000e+00
2.7200e+02	3.2000e+01	6.2971e+01	-6.7710e+00	0.0000e+00	0.0000e+00
2.8800e+02	3.2000e+01	6.6837e+01	-4.8116e+00	0.0000e+00	0.0000e+00
3.0400e+02	3.2000e+01	6.7662e+01	-2.1238e+00	0.0000e+00	0.0000e+00
3.2000e+02	3.2000e+01	6.6555e+01	1.6009e+00	0.0000e+00	0.0000e+00
3.3600e+02	3.2000e+01	6.9044e+01	5.2078e+00	0.0000e+00	0.0000e+00
3.5200e+02	3.2000e+01	6.6273e+01	9.0272e+00	0.0000e+00	0.0000e+00
3.6800e+02	3.2000e+01	6.4542e+01	1.0915e+01	0.0000e+00	0.0000e+00
3.8400e+02	3.2000e+01	6.1848e+01	1.2188e+01	0.0000e+00	0.0000e+00
4.0000e+02	3.2000e+01	5.9301e+01	1.1958e+01	0.0000e+00	0.0000e+00
4.1600e+02	3.2000e+01	5.6877e+01	1.0679e+01	0.0000e+00	0.0000e+00
4.3200e+02	3.2000e+01	5.4891e+01	1.0683e+01	0.0000e+00	0.0000e+00
4.4800e+02	3.2000e+01	5.2204e+01	9.7870e+00	0.0000e+00	0.0000e+00
4.6400e+02	3.2000e+01	5.0161e+01	7.8693e+00	0.0000e+00	0.0000e+00
4.8000e+02	3.2000e+01	4.7928e+01	6.2555e+00	0.0000e+00	0.0000e+00
4.9600e+02	3.2000e+01	4.5829e+01	3.7931e+00	0.0000e+00	0.0000e+00
5.1200e+02	3.2000e+01	4.3855e+01	7.4816e-01	0.0000e+00	0.0000e+00
5.2800e+02	3.2000e+01	4.3042e+01	-3.1230e+00	0.0000e+00	0.0000e+00
5.4400e+02	3.2000e+01	4.3557e+01	-7.2565e+00	0.0000e+00	0.0000e+00
5.6000e+02	3.2000e+01	4.3887e+01	-1.0420e+01	0.0000e+00	0.0000e+00
5.7600e+02	3.2000e+01	4.5456e+01	-1.2852e+01	0.0000e+00	0.0000e+00
5.9200e+02	3.2000e+01	4.6290e+01	-1.5424e+01	0.0000e+00	0.0000e+00
6.0800e+02	3.2000e+01	4.8292e+01	-1.7501e+01	0.0000e+00	0.0000e+00
6.2400e+02	3.2000e+01	4.9221e+01	-1.8007e+01	0.0000e+00	0.0000e+00
6.4000e+02	3.2000e+01	5.0603e+01	-1.6453e+01	0.0000e+00	0.0000e+00
6.5600e+02	3.2000e+01	5.1935e+01	-1.2319e+01	0.0000e+00	0.0000e+00
6.7200e+02	3.2000e+01	5.2236e+01	-8.4578e+00	0.0000e+00	0.0000e+00
6.8800e+02	3.2000e+01	5.3669e+01	-5.3801e+00	0.0000e+00	0.0000e+00
7.0400e+02	3.2000e+01	5.5336e+01	-1.4346e+00	0.0000e+00	0.0000e+00
7.2000e+02	3.2000e+01	5.5315e+01	2.3248e+00	0.0000e+00	0.0000e+00
7.3600e+02	3.2000e+01	5.5915e+01	5.3768e+00	0.0000e+00	0.0000e+00
7.5200e+02	3.2000e+01	5.7001e+01	7.2761e+00	0.0000e+00	0.0000e+00
7.6800e+02	3.2000e+01	5.5800e+01	8.7949e+00	0.0000e+00	0.0000e+00
7.8400e+02	3.2000e+01	5.4932e+01	8.9343e+00	0.0000e+00	0.0000e+00
8.0000e+02	3.2000e+01	5.3914e+01	8.0443e+00	0.0000e+00	0.0000e+00
8.1600e+02	3.2000e+01	5.4000e+01	7.5928e+00	0.0000e+00	0.0000e+00
8.3200e+02	3.2000e+01	5.2990e+01	6.8431e+00	0.0000e+00	0.0000e+00
8.4800e+02	3.2000e+01	5.2457e+01	5.2288e+00	0.0000e+00	0.0000e+00
8.6400e+02	3.2000e+01	5.2689e+01	3.1326e+00	0.0000e+00	0.0000e+00
8.8000e+02	3.2000e+01	5.1746e+01	1.4630e+00	0.0000e+00	0.0000e+00
8.9600e+02	3.2000e+01	5.1569e+01	5.5289e-01	0.0000e+00	0.0000e+00
9.1200e+02	3.2000e+01	5.0493e+01	1.1581e-03	0.0000e+00	0.0000e+00
9.2800e+02	3.2000e+01	5.0128e+01	-9.0589e-01	0.0000e+00	0.0000e+00
9.4400e+02	3.2000e+01	5.0250e+01	-2.1728e+00	0.0000e+00	0.0000e+00
9.6000e+02	3.2000e+01	5.0086e+01	-3.4888e+00	0.0000e+00	0.0000e+00
9.7600e+02	3.2000e+01	4.9487e+01	-3.2771e+00	1.0000e+00	0.0000e+00
9.9200e+02	3.2000e+01	5.0019e+01	-3.5921e+00	0.0000e+00	0.0000e+00
1.0080e+03	3.2000e+01	5.1429e+01	-2.8837e+00	0.0000e+00	0.0000e+00
1.0240e+03	3.2000e+01	5.1109e+01	-3.0548e+00	0.0000e+00	0.0000e+00
1.0400e+03	3.2000e+01	5.2396e+01	-3.5879e+00	0.0000e+00	0.0000e+00
1.0560e+03	3.2000e+01	5.3164e+01	-1.8317e+00	0.0000e+00	0.0000e+00
1.0720e+03	3.2000e+01	5.2703e+01	-4.5244e-01	0.0000e+00	0.0000e+00
1.0880e+03	3.2000e+01	5.3306e+01	-1.7211e-01	0.0000e+00	0.0000e+00
1.1040e+03	3.2000e+01	5.3916e+01	-1.2577e-01	0.0000e+00	0.0000e+00
1.1200e+03	3.2000e+01	5.4545e+01	5.6025e-02	0.0000e+00	0.0000e+00
1.1360e+03	3.2000e+01	5.2862e+01	4.7715e-01	0.0000e+00	0.0000e+00
1.1520e+03	3.2000e+01	5.5080e+01	1.2885e+00	0.0000e+00	0.0000e+00
1.1680e+03	3.2000e+01	5.5374e+01	1.3639e+00	0.0000e+00	0.0000e+00
1.6000e+01	1.6000e+01	7.0574e+01	-4.6963e+00	0.0000e+00	0.0000e+00
3.2000e+01	1.6000e+01	7.0535e+01	-4.3770e+00	0.0000e+00	0.0000e+00
4.8000e+01	1.6000e+01	7.0072e+01	-1.9357e+00	0.0000e+00	0.0000e+00
6.4000e+01	1.6000e+01	6.9265e+01	9.7304e-01	0.0000e+00	0.0000e+00
8.0000e+01	1.6000e+01	6.8228e+01	3.4588e+00	0.0000e+00	0.0000e+00
9.6000e+01	1.6000e+01	6.8142e+01	4.8936e+00	0.0000e+00	0.0000e+00
1.1200e+02	1.6000e+01	6.5940e+01	5.3944e+00	0.0000e+00	0.0000e+00
1.2800e+02	1.6000e+01	6.2895e+01	6.3107e+00	0.0000e+00	0.0000e+00
1.4400e+02	1.6000e+01	6.0475e+01	6.4630e+00	0.0000e+00	0.0000e+00
1.6000e+02	1.6000e+01	6.0207e+01	5.4216e+00	0.0000e+00	0.0000e+00
1.7600e+02	1.6000e+01	5.7019e+01	3.5427e+00	0.0000e+00	0.0000e+00
1.9200e+02	1.6000e+01	5.8343e+01	1.3195e+00	0.0000e+00	0.0000e+00
2.0800e+02	1.6000e+01	5.5806e+01	-1.6667e+00	0.0000e+00	0.0000e+00
2.2400e+02	1.6000e+01	5.8639e+01	-3.9526e+00	0.0000e+00	0.0000e+00
2.4000e+02	1.6000e+01	5.9690e+01	-6.5687e+00	0.0000e+00	0.0000e+00
2.5600e+02	1.6000e+01	6.3026e+01	-7.0255e+00	0.0000e+00	0.0000e+00
2.7200e+02	1.6000e+01	6.4828e+01	-5.0101e+00	0.0000e+00	0.0000e+00
2.8800e+02	1.6000e+01	6.6935e+01	-3.7944e+00	0.0000e+00	0.0000e+00
3.0400e+02	1.6000e+01	6.7882e+01	-1.1350e+00	0.0000e+00	0.0000e+00
3.2000e+02	1.6000e+01	6.5797e+01	2.2085e+00	0.0000e+00	0.0000e+00
3.3600e+02	1.6000e+01	6.6478e+01	5.0946e+00	0.0000e+00	0.0000e+00
3.5200e+02	1.6000e+01	6.6428e+01	7.7434e+00	0.0000e+00	0.0000e+00
3.6800e+02	1.6000e+01	6.3848e+01	9.0399e+00	0.0000e+00	0.0000e+00
3.8400e+02	1.6000e+01	6.1452e+01	1.0137e+01	0.0000e+00	0.0000e+00
4.0000e+02	1.6000e+01	5.8837e+01	1.1068e+01	0.0000e+00	0.0000e+00
4.1600e+02	1.6000e+01	5.6860e+01	1.0183e+01	0.0000e+00	0.0000e+00
4.3200e+02	1.6000e+01	5.4145e+01	8.1461e+00	0.0000e+00	0.0000e+00
4.4800e+02	1.6000e+01	5.2119e+01	7.2533e+00	0.0000e+00	0.0000e+00
4.6400e+02	1.6000e+01	5.0570e+01	6.3241e+00	0.0000e+00	0.0000e+00
4.8000e+02	1.6000e+01	4.8592e+01	3.9524e+00	0.0000e+00	0.0000e+00
4.9600e+02	1.6000e+01	4.8282e+01	7.2728e-01	0.0000e+00	0.0000e+00
5.1200e+02	1.6000e+01	4.6475e+01	-8.0724e-01	0.0000e+00	0.0000e+00
5.2800e+02	1.6000e+01	4.5604e+01	-3.1412e+00	0.0000e+00	0.0000e+00
5.4400e+02	1.6000e+01	4.5081e+01	-7.2040e+00	0.0000e+00	0.0000e+00
5.6000e+02	1.6000e+01	4.6050e+01	-1.0010e+01	0.0000e+00	0.0000e+00
5.7600e+02	1.6000e+01	4.7905e+01	-1.2327e+01	0.0000e+00	0.0000e+00
5.9200e+02	1.6000e+01	4.7704e+01	-1.5279e+01	0.0000e+00	0.0000e+00
6.0800e+02	1.6000e+01	4.9899e+01	-1.6259e+01	0.0000e+00	0.0000e+00
6.2400e+02	1.6000e+01	5.1218e+01	-1.7029e+01	0.0000e+00	0.0000e+00
6.4000e+02	1.6000e+01	5.3438e+01	-1.4117e+01	0.0000e+00	0.0000e+00
6.5600e+02	1.6000e+01	5.6652e+01	-1.1326e+01	0.0000e+00	0.0000e+00
6.7200e+02	1.6000e+01	5.6176e+01	-8.2162e+00	0.0000e+00	0.0000e+00
6.8800e+02	1.6000e+01	5.7195e+01	-5.2496e+00	0.0000e+00	0.0000e+00
7.0400e+02	1.6000e+01	5.8020e+01	-8.0695e-01	0.0000e+00	0.0000e+00
7.2000e+02	1.6000e+01	5.8512e+01	2.9035e+00	0.0000e+00	0.0000e+00
7.3600e+02	1.6000e+01	5.8339e+01	5.5601e+00	0.0000e+00	0.0000e+00
7.5200e+02	1.6000e+01	5.7977e+01	7.3493e+00	0.0000e+00	0.0000e+00
7.6800e+02	1.6000e+01	5.7950e+01	9.0564e+00	0.0000e+00	0.0000e+00
7.8400e+02	1.6000e+01	5.7115e+01	9.3919e+00	0.0000e+00	0.0000e+00
8.0000e+02	1.6000e+01	5.6965e+01	9.2660e+00	0.0000e+00	0.0000e+00
8.1600e+02	1.6000e+01	5.3886e+01	7.3198e+00	1.0000e+00	0.0000e+00
8.3200e+02	1.6000e+01	5.5214e+01	5.3699e+00	0.0000e+00	0.0000e+00
8.4800e+02	1.6000e+01	5.4711e+01	4.2539e+00	0.0000e+00	0.0000e+00
8.6400e+02	1.6000e+01	5.4109e+01	3.8045e+00	0.0000e+00	0.0000e+00
8.8000e+02	1.6000e+01	5.2995e+01	1.5750e+00	0.0000e+00	0.0000e+00
8.9600e+02	1.6000e+01	5.3327e+01	1.1234e+00	0.0000e+00	0.0000e+00
9.1200e+02	1.6000e+01	5.3251e+01	3.0098e-01	0.0000e+00	0.0000e+00
9.2800e+02	1.6000e+01	5.3074e+01	-1.2355e+00	0.0000e+00	0.0000e+00
9.4400e+02	1.6000e+01	5.2781e+01	-2.5590e+00	0.0000e+00	0.0000e+00
9.6000e+02	1.6000e+01	5.2274e+01	-3.3558e+00	0.0000e+00	0.0000e+00
9.7600e+02	1.6000e+01	5.4679e+01	-3.5375e+00	0.0000e+00	0.0000e+00
9.9200e+02	1.6000e+01	5.2019e+01	-3.1667e+00	0.0000e+00	0.0000e+00
1.0080e+03	1.6000e+01	5.5071e+01	-3.2987e+00	0.0000e+00	0.0000e+00
1.0240e+03	1.6000e+01	5.2149e+01	-2.8606e+00	0.0000e+00	0.0000e+00
1.0400e+03	1.6000e+01	5.3688e+01	-2.6248e+00	0.0000e+00	0.0000e+00
1.0560e+03	1.6000e+01	5.6377e+01	-2.5283e+00	0.0000e+00	0.0000e+00
1.0720e+03	1.6000e+01	5.6779e+01	-1.3580e+00	0.0000e+00	0.0000e+00
1.0880e+03	1.6000e+01	5.6728e+01	-4.0534e-01	0.0000e+00	0.0000e+00
1.1040e+03	1.6000e+01	5.6861e+01	5.8271e-01	0.0000e+00	0.0000e+00
1.1200e+03	1.6000e+01	5.8232e+01	1.1815e+00	0.0000e+00	0.0000e+00
1.1360e+03	1.6000e+01	5.6252e+01	1.6704e+00	0.0000e+00	0.0000e+00
1.1520e+03	1.6000e+01	5.6711e+01	2.7777e+00	0.0000e+00	0.0000e+00
1.1680e+03	1.6000e+01	5.6590e+01	3.0228e+00	0.0000e+00	0.0000e+00
